0.005 
0.005 
0.005 
0.005 
0.005 
0.005 
0.005 
0.005 
0.005 
0.005 
0.005 
0.00666667 
0.00666667 
0.00666667 
0.00666667 
0.00666667 
0.00666667 
0.00666667 
0.00666667 
0.00666667 
0.00666667 
0.00666667 
0.00666667 
0.00666667 
0.00666667 
0.00666667 
0.00666667 
0.00666667 
0.00666667 
0.00666667 
0.00666667 
0.00666667 
0.00666667 
0.00666667 
0.00666667 
0.00666667 
0.00666667 
0.00666667 
0.00666667 
0.00666667 
0.00666667 
0.00666667 
0.00833333 
0.00833333 
0.00833333 
0.00833333 
0.00833333 
0.00833333 
0.00833333 
0.00833333 
0.00833333 
0.00833333 
0.00833333 
0.00833333 
0.00833333 
0.00833333 
0.00833333 
0.00833333 
0.00833333 
0.00833333 
0.00833333 
0.00833333 
0.00833333 
0.00833333 
0.00833333 
0.00833333 
0.00833333 
0.00833333 
0.00833333 
0.00833333 
0.00833333 
0.00833333 
0.01 
0.0116667 
0.0116667 
0.0116667 
0.0116667 
0.0116667 
0.0116667 
0.0116667 
0.0116667 
0.0116667 
0.0116667 
0.0116667 
0.0116667 
0.0116667 
0.0116667 
0.0116667 
0.0116667 
0.0116667 
0.0116667 
0.0116667 
0.0116667 
0.0116667 
0.0116667 
0.0116667 
0.0116667 
0.0116667 
0.0116667 
0.0116667 
0.0116667 
0.0133333 
0.015 
0.0166667 
0.0183333 
0.0183333 
0.0183333 
0.0183333 
0.0183333 
0.0183333 
0.0183333 
0.0183333 
0.0183333 
0.0183333 
0.0183333 
0.0183333 
0.0183333 
0.0183333 
0.0183333 
0.0183333 
0.0183333 
0.0183333 
0.0183333 
0.0183333 
0.0183333 
0.0183333 
0.0183333 
0.0183333 
0.0183333 
0.0183333 
0.02 
0.0216667 
0.0216667 
0.0233333 
0.025 
0.0266667 
0.0283333 
0.0283333 
0.0283333 
0.0283333 
0.0283333 
0.0283333 
0.0283333 
0.0283333 
0.0283333 
0.0283333 
0.0283333 
0.0283333 
0.0283333 
0.0283333 
0.0283333 
0.0283333 
0.0283333 
0.0283333 
0.0283333 
0.0283333 
0.0283333 
0.0283333 
0.0283333 
0.0283333 
0.03 
0.0316667 
0.0316667 
0.0316667 
0.0316667 
0.0333333 
0.035 
0.035 
0.035 
0.035 
0.035 
0.035 
0.035 
0.035 
0.035 
0.035 
0.035 
0.035 
0.035 
0.035 
0.035 
0.035 
0.035 
0.035 
0.035 
0.035 
0.035 
0.035 
0.035 
0.035 
0.0366667 
0.0366667 
0.0383333 
0.04 
0.04 
0.04 
0.0416667 
0.0416667 
0.0416667 
0.0416667 
0.0416667 
0.0416667 
0.0416667 
0.0416667 
0.0416667 
0.0416667 
0.0416667 
0.0416667 
0.0416667 
0.0416667 
0.0416667 
0.0416667 
0.0416667 
0.0416667 
0.0416667 
0.0416667 
0.0416667 
0.0416667 
0.0416667 
0.0416667 
0.0416667 
0.0433333 
0.045 
0.0466667 
0.0483333 
0.0483333 
0.0483333 
0.05 
0.05 
0.05 
0.05 
0.05 
0.05 
0.05 
0.05 
0.05 
0.05 
0.05 
0.05 
0.05 
0.05 
0.05 
0.05 
0.05 
0.05 
0.05 
0.05 
0.05 
0.05 
0.05 
0.05 
0.0516667 
0.0533333 
0.055 
0.055 
0.0566667 
0.0583333 
0.06 
0.0616667 
0.0633333 
0.0633333 
0.0633333 
0.0633333 
0.0633333 
0.0633333 
0.0633333 
0.0633333 
0.0633333 
0.0633333 
0.0633333 
0.0633333 
0.0633333 
0.0633333 
0.0633333 
0.0633333 
0.0633333 
0.0633333 
0.065 
0.065 
0.065 
0.065 
0.0666667 
0.0683333 
0.07 
0.07 
0.0716667 
0.0733333 
0.075 
0.0766667 
0.0783333 
0.08 
0.08 
0.08 
0.08 
0.08 
0.08 
0.08 
0.08 
0.08 
0.08 
0.08 
0.08 
0.08 
0.08 
0.08 
0.08 
0.0816667 
0.0816667 
0.0816667 
0.0833333 
0.085 
0.0866667 
0.0866667 
0.0883333 
0.0883333 
0.09 
0.0916667 
0.0916667 
0.0933333 
0.095 
0.0966667 
0.0983333 
0.1 
0.101667 
0.101667 
0.101667 
0.101667 
0.101667 
0.101667 
0.101667 
0.101667 
0.101667 
0.101667 
0.101667 
0.101667 
0.101667 
0.101667 
0.101667 
0.101667 
0.101667 
0.101667 
0.101667 
0.101667 
0.101667 
0.103333 
0.105 
0.105 
0.106667 
0.108333 
0.11 
0.111667 
0.111667 
0.113333 
0.115 
0.115 
0.115 
0.115 
0.115 
0.115 
0.115 
0.115 
0.115 
0.115 
0.115 
0.115 
0.115 
0.115 
0.115 
0.115 
0.115 
0.115 
0.115 
0.115 
0.115 
0.116667 
0.118333 
0.12 
0.12 
0.121667 
0.123333 
0.125 
0.126667 
0.128333 
0.13 
0.13 
0.13 
0.13 
0.13 
0.13 
0.13 
0.13 
0.13 
0.13 
0.13 
0.13 
0.13 
0.13 
0.13 
0.13 
0.13 
0.13 
0.13 
0.13 
0.13 
0.131667 
0.133333 
0.133333 
0.133333 
0.135 
0.136667 
0.135 
0.136667 
0.136667 
0.138333 
0.138333 
0.138333 
0.138333 
0.138333 
0.138333 
0.138333 
0.138333 
0.138333 
0.138333 
0.138333 
0.138333 
0.138333 
0.138333 
0.138333 
0.138333 
0.138333 
0.138333 
0.138333 
0.138333 
0.138333 
0.138333 
0.14 
0.141667 
0.141667 
0.143333 
0.145 
0.146667 
0.148333 
0.148333 
0.148333 
0.15 
0.15 
0.15 
0.15 
0.15 
0.15 
0.15 
0.15 
0.15 
0.15 
0.15 
0.15 
0.15 
0.15 
0.15 
0.15 
0.15 
0.15 
0.15 
0.15 
0.151667 
0.153333 
0.155 
0.156667 
0.158333 
0.16 
0.161667 
0.163333 
0.163333 
0.163333 
0.163333 
0.163333 
0.163333 
0.163333 
0.163333 
0.163333 
0.163333 
0.163333 
0.163333 
0.163333 
0.163333 
0.163333 
0.163333 
0.163333 
0.163333 
0.163333 
0.163333 
0.163333 
0.163333 
0.165 
0.166667 
0.168333 
0.17 
0.17 
0.171667 
0.173333 
0.175 
0.176667 
0.178333 
0.178333 
0.178333 
0.178333 
0.178333 
0.178333 
0.178333 
0.178333 
0.178333 
0.178333 
0.178333 
0.178333 
0.178333 
0.178333 
0.178333 
0.178333 
0.178333 
0.178333 
0.178333 
0.178333 
0.178333 
0.178333 
0.178333 
0.178333 
0.18 
0.18 
0.18 
0.181667 
0.183333 
0.185 
0.185 
0.185 
0.185 
0.185 
0.185 
0.185 
0.185 
0.185 
0.185 
0.185 
0.185 
0.185 
0.185 
0.185 
0.185 
0.185 
0.185 
0.185 
0.185 
0.185 
0.185 
0.185 
0.185 
0.185 
0.185 
0.185 
0.185 
0.186667 
0.188333 
0.188333 
0.188333 
0.188333 
0.188333 
0.188333 
0.188333 
0.188333 
0.188333 
0.188333 
0.188333 
0.188333 
0.188333 
0.188333 
0.188333 
0.188333 
0.188333 
0.188333 
0.188333 
0.188333 
0.188333 
0.188333 
0.188333 
0.188333 
0.188333 
0.188333 
0.188333 
0.188333 
0.19 
0.19 
0.19 
0.19 
0.19 
0.19 
0.19 
0.19 
0.19 
0.19 
0.19 
0.19 
0.19 
0.19 
0.19 
0.19 
0.19 
0.19 
0.19 
0.19 
0.19 
0.19 
0.19 
0.19 
0.19 
0.19 
0.19 
0.19 
0.19 
0.19 
0.191667 
0.191667 
0.191667 
0.191667 
0.191667 
0.191667 
0.191667 
0.191667 
0.191667 
0.191667 
0.191667 
0.191667 
0.191667 
0.191667 
0.191667 
0.191667 
0.191667 
0.191667 
0.191667 
0.191667 
0.191667 
0.191667 
0.191667 
0.191667 
0.191667 
0.191667 
0.191667 
0.191667 
0.191667 
0.191667 
0.191667 
0.193333 
0.193333 
0.193333 
0.193333 
0.193333 
0.193333 
0.193333 
0.193333 
0.193333 
0.193333 
0.193333 
0.193333 
0.193333 
0.193333 
0.193333 
0.193333 
0.193333 
0.193333 
0.193333 
0.193333 
0.193333 
0.193333 
0.193333 
0.193333 
0.193333 
0.193333 
0.193333 
0.193333 
0.193333 
0.193333 
0.195 
0.195 
0.195 
0.195 
0.195 
0.195 
0.195 
0.195 
0.195 
0.195 
0.195 
0.195 
0.195 
0.195 
0.195 
0.195 
0.195 
0.195 
0.195 
0.195 
0.195 
0.195 
0.195 
0.195 
0.195 
0.195 
0.195 
0.195 
0.195 
0.196667 
0.198333 
0.2 
0.2 
0.2 
0.2 
0.2 
0.2 
0.2 
0.2 
0.2 
0.2 
0.2 
0.2 
0.2 
0.2 
0.2 
0.2 
0.2 
0.2 
0.2 
0.2 
0.2 
0.2 
0.2 
0.2 
0.2 
0.2 
0.2 
0.2 
0.2 
0.2 
0.2 
0.2 
0.2 
0.2 
0.2 
0.2 
0.2 
0.2 
0.2 
0.2 
0.2 
0.2 
0.2 
0.2 
0.2 
0.2 
0.2 
0.2 
0.2 
0.2 
0.2 
0.2 
0.2 
0.2 
0.2 
0.2 
0.2 
0.2 
0.2 
0.2 
0.2 
0.2 
0.2 
0.2 
0.2 
0.2 
0.2 
0.2 
0.2 
0.2 
0.2 
0.2 
0.2 
0.2 
0.2 
0.2 
0.2 
0.2 
0.2 
0.2 
0.2 
0.2 
0.2 
0.2 
0.2 
0.2 
0.2 
0.2 
0.2 
0.2 
0.2 
0.2 
0.2 
0.2 
0.2 
0.2 
0.2 
0.2 
0.2 
0.2 
0.2 
0.2 
0.2 
0.2 
0.2 
0.2 
0.2 
0.2 
0.2 
0.2 
0.2 
0.2 
0.2 
0.2 
0.2 
0.2 
0.2 
0.2 
0.2 
0.2 
0.2 
0.2 
0.2 
0.2 
0.2 
0.2 
0.2 
0.2 
0.2 
0.2 
0.2 
0.2 
0.2 
0.2 
0.2 
0.2 
0.2 
0.2 
0.2 
0.2 
0.2 
0.2 
0.2 
0.2 
0.2 
0.2 
0.2 
0.2 
0.2 
0.2 
0.2 
0.2 
0.2 
0.2 
0.2 
0.2 
0.2 
0.2 
0.2 
0.2 
0.2 
0.2 
0.2 
0.2 
0.2 
0.2 
0.2 
0.2 
0.2 
0.2 
0.2 
0.2 
0.2 
0.2 
0.2 
0.2 
0.2 
0.2 
0.2 
0.2 
0.2 
0.2 
0.2 
0.2 
0.2 
0.2 
0.2 
0.2 
0.2 
0.2 
0.2 
0.2 
0.2 
0.2 
0.2 
0.2 
0.2 
0.2 
0.2 
0.2 
0.2 
0.2 
0.198333 
0.2 
0.201667 
0.201667 
0.201667 
0.201667 
0.201667 
0.201667 
0.201667 
0.201667 
0.201667 
0.201667 
0.201667 
0.201667 
0.201667 
0.201667 
0.201667 
0.201667 
0.201667 
0.201667 
0.201667 
0.201667 
0.201667 
0.201667 
0.201667 
0.201667 
0.201667 
0.201667 
0.201667 
0.201667 
0.2 
0.201667 
0.201667 
0.201667 
0.201667 
0.201667 
0.201667 
0.201667 
0.201667 
0.201667 
0.201667 
0.201667 
0.201667 
0.201667 
0.201667 
0.201667 
0.201667 
0.201667 
0.201667 
0.201667 
0.201667 
0.201667 
0.201667 
0.201667 
0.201667 
0.201667 
0.201667 
0.201667 
0.203333 
0.205 
0.203333 
0.203333 
0.205 
0.206667 
0.208333 
0.21 
0.21 
0.21 
0.21 
0.21 
0.21 
0.21 
0.21 
0.21 
0.21 
0.21 
0.21 
0.21 
0.21 
0.21 
0.21 
0.21 
0.21 
0.21 
0.21 
0.21 
0.21 
0.21 
0.211667 
0.211667 
0.211667 
0.21 
0.21 
0.211667 
0.213333 
0.215 
0.216667 
0.218333 
0.22 
0.22 
0.22 
0.22 
0.22 
0.22 
0.22 
0.22 
0.22 
0.22 
0.22 
0.22 
0.22 
0.22 
0.22 
0.22 
0.22 
0.22 
0.22 
0.221667 
0.221667 
0.22 
0.221667 
0.221667 
0.22 
0.22 
0.218333 
0.22 
0.221667 
0.221667 
0.223333 
0.225 
0.226667 
0.228333 
0.228333 
0.228333 
0.228333 
0.228333 
0.228333 
0.228333 
0.228333 
0.228333 
0.228333 
0.228333 
0.228333 
0.228333 
0.228333 
0.228333 
0.228333 
0.23 
0.23 
0.228333 
0.23 
0.231667 
0.233333 
0.231667 
0.231667 
0.231667 
0.231667 
0.233333 
0.233333 
0.235 
0.236667 
0.236667 
0.236667 
0.236667 
0.236667 
0.236667 
0.236667 
0.236667 
0.236667 
0.236667 
0.236667 
0.236667 
0.236667 
0.236667 
0.236667 
0.236667 
0.238333 
0.24 
0.238333 
0.24 
0.24 
0.238333 
0.24 
0.241667 
0.241667 
0.243333 
0.245 
0.245 
0.246667 
0.246667 
0.246667 
0.248333 
0.25 
0.25 
0.25 
0.25 
0.25 
0.25 
0.25 
0.25 
0.25 
0.25 
0.25 
0.25 
0.25 
0.25 
0.251667 
0.253333 
0.255 
0.253333 
0.253333 
0.251667 
0.25 
0.251667 
0.253333 
0.251667 
0.253333 
0.255 
0.256667 
0.256667 
0.256667 
0.258333 
0.258333 
0.258333 
0.258333 
0.258333 
0.258333 
0.258333 
0.258333 
0.258333 
0.258333 
0.258333 
0.258333 
0.258333 
0.26 
0.261667 
0.263333 
0.265 
0.266667 
0.265 
0.263333 
0.263333 
0.265 
0.265 
0.263333 
0.263333 
0.263333 
0.263333 
0.265 
0.266667 
0.266667 
0.266667 
0.266667 
0.266667 
0.266667 
0.266667 
0.266667 
0.266667 
0.266667 
0.266667 
0.266667 
0.266667 
0.266667 
0.266667 
0.268333 
0.266667 
0.266667 
0.268333 
0.27 
0.27 
0.27 
0.27 
0.271667 
0.27 
0.268333 
0.268333 
0.266667 
0.266667 
0.265 
0.266667 
0.268333 
0.27 
0.27 
0.27 
0.27 
0.27 
0.27 
0.27 
0.27 
0.27 
0.27 
0.27 
0.27 
0.271667 
0.271667 
0.273333 
0.275 
0.275 
0.275 
0.273333 
0.275 
0.273333 
0.275 
0.273333 
0.273333 
0.275 
0.273333 
0.273333 
0.273333 
0.273333 
0.271667 
0.27 
0.271667 
0.271667 
0.271667 
0.271667 
0.271667 
0.271667 
0.271667 
0.271667 
0.271667 
0.271667 
0.271667 
0.271667 
0.273333 
0.275 
0.275 
0.276667 
0.278333 
0.28 
0.28 
0.281667 
0.28 
0.28 
0.28 
0.278333 
0.276667 
0.276667 
0.275 
0.276667 
0.275 
0.275 
0.276667 
0.278333 
0.278333 
0.278333 
0.278333 
0.278333 
0.278333 
0.278333 
0.278333 
0.278333 
0.278333 
0.278333 
0.278333 
0.278333 
0.278333 
0.278333 
0.28 
0.281667 
0.281667 
0.283333 
0.283333 
0.283333 
0.283333 
0.285 
0.283333 
0.283333 
0.283333 
0.283333 
0.281667 
0.281667 
0.283333 
0.283333 
0.283333 
0.283333 
0.283333 
0.283333 
0.283333 
0.283333 
0.283333 
0.283333 
0.283333 
0.283333 
0.283333 
0.283333 
0.283333 
0.283333 
0.283333 
0.285 
0.286667 
0.286667 
0.286667 
0.286667 
0.288333 
0.29 
0.288333 
0.288333 
0.29 
0.288333 
0.288333 
0.288333 
0.29 
0.291667 
0.291667 
0.291667 
0.291667 
0.291667 
0.291667 
0.291667 
0.291667 
0.291667 
0.291667 
0.291667 
0.291667 
0.291667 
0.291667 
0.291667 
0.291667 
0.293333 
0.295 
0.296667 
0.298333 
0.296667 
0.295 
0.295 
0.293333 
0.291667 
0.29 
0.29 
0.291667 
0.293333 
0.293333 
0.295 
0.295 
0.295 
0.295 
0.295 
0.295 
0.295 
0.295 
0.295 
0.295 
0.295 
0.295 
0.295 
0.295 
0.295 
0.296667 
0.296667 
0.298333 
0.3 
0.298333 
0.298333 
0.296667 
0.295 
0.295 
0.293333 
0.291667 
0.291667 
0.293333 
0.295 
0.295 
0.295 
0.295 
0.295 
0.295 
0.295 
0.295 
0.295 
0.295 
0.295 
0.295 
0.295 
0.295 
0.295 
0.295 
0.295 
0.295 
0.296667 
0.298333 
0.296667 
0.295 
0.295 
0.295 
0.296667 
0.295 
0.293333 
0.291667 
0.291667 
0.29 
0.29 
0.291667 
0.291667 
0.291667 
0.291667 
0.291667 
0.291667 
0.291667 
0.291667 
0.291667 
0.291667 
0.291667 
0.291667 
0.291667 
0.291667 
0.291667 
0.291667 
0.291667 
0.291667 
0.293333 
0.295 
0.296667 
0.298333 
0.296667 
0.298333 
0.3 
0.298333 
0.298333 
0.298333 
0.298333 
0.298333 
0.298333 
0.298333 
0.298333 
0.298333 
0.298333 
0.298333 
0.298333 
0.298333 
0.298333 
0.298333 
0.298333 
0.298333 
0.298333 
0.298333 
0.298333 
0.298333 
0.298333 
0.298333 
0.298333 
0.3 
0.3 
0.3 
0.3 
0.301667 
0.303333 
0.301667 
0.301667 
0.303333 
0.303333 
0.303333 
0.303333 
0.303333 
0.303333 
0.303333 
0.303333 
0.303333 
0.303333 
0.303333 
0.303333 
0.303333 
0.303333 
0.303333 
0.303333 
0.303333 
0.303333 
0.303333 
0.303333 
0.303333 
0.305 
0.306667 
0.308333 
0.31 
0.31 
0.311667 
0.31 
0.311667 
0.313333 
0.313333 
0.313333 
0.313333 
0.313333 
0.313333 
0.313333 
0.313333 
0.313333 
0.313333 
0.313333 
0.313333 
0.313333 
0.313333 
0.313333 
0.313333 
0.313333 
0.313333 
0.313333 
0.313333 
0.313333 
0.313333 
0.315 
0.316667 
0.318333 
0.32 
0.32 
0.321667 
0.321667 
0.323333 
0.325 
0.326667 
0.328333 
0.328333 
0.328333 
0.328333 
0.328333 
0.328333 
0.328333 
0.328333 
0.328333 
0.328333 
0.328333 
0.328333 
0.328333 
0.328333 
0.328333 
0.328333 
0.328333 
0.328333 
0.328333 
0.328333 
0.328333 
0.33 
0.331667 
0.333333 
0.335 
0.335 
0.335 
0.335 
0.335 
0.335 
0.335 
0.335 
0.335 
0.335 
0.335 
0.335 
0.335 
0.335 
0.335 
0.335 
0.335 
0.335 
0.335 
0.335 
0.335 
0.335 
0.335 
0.335 
0.335 
0.335 
0.336667 
0.338333 
0.34 
0.341667 
0.341667 
0.343333 
0.345 
0.343333 
0.345 
0.346667 
0.346667 
0.346667 
0.346667 
0.346667 
0.346667 
0.346667 
0.346667 
0.346667 
0.346667 
0.346667 
0.346667 
0.346667 
0.346667 
0.346667 
0.346667 
0.346667 
0.346667 
0.346667 
0.346667 
0.348333 
0.348333 
0.348333 
0.35 
0.35 
0.351667 
0.353333 
0.353333 
0.353333 
0.351667 
0.353333 
0.353333 
0.353333 
0.353333 
0.353333 
0.353333 
0.353333 
0.353333 
0.353333 
0.353333 
0.353333 
0.353333 
0.353333 
0.353333 
0.353333 
0.353333 
0.353333 
0.353333 
0.353333 
0.353333 
0.355 
0.356667 
0.358333 
0.36 
0.36 
0.361667 
0.363333 
0.365 
0.366667 
0.368333 
0.368333 
0.368333 
0.368333 
0.368333 
0.368333 
0.368333 
0.368333 
0.368333 
0.368333 
0.368333 
0.368333 
0.368333 
0.368333 
0.368333 
0.368333 
0.368333 
0.368333 
0.368333 
0.368333 
0.368333 
0.37 
0.37 
0.371667 
0.373333 
0.373333 
0.373333 
0.373333 
0.373333 
0.375 
0.376667 
0.378333 
0.38 
0.381667 
0.381667 
0.381667 
0.381667 
0.381667 
0.381667 
0.381667 
0.381667 
0.381667 
0.381667 
0.381667 
0.381667 
0.381667 
0.381667 
0.381667 
0.381667 
0.381667 
0.381667 
0.381667 
0.381667 
0.381667 
0.381667 
0.383333 
0.383333 
0.383333 
0.385 
0.385 
0.386667 
0.388333 
0.39 
0.391667 
0.393333 
0.393333 
0.393333 
0.393333 
0.393333 
0.393333 
0.393333 
0.393333 
0.393333 
0.393333 
0.393333 
0.393333 
0.393333 
0.393333 
0.393333 
0.393333 
0.393333 
0.393333 
0.393333 
0.393333 
0.395 
0.396667 
0.398333 
0.4 
0.401667 
0.403333 
0.403333 
0.405 
0.406667 
0.408333 
0.41 
0.411667 
0.411667 
0.411667 
0.411667 
0.411667 
0.411667 
0.411667 
0.411667 
0.411667 
0.411667 
0.411667 
0.411667 
0.411667 
0.411667 
0.411667 
0.411667 
0.411667 
0.411667 
0.411667 
0.413333 
0.415 
0.416667 
0.418333 
0.42 
0.421667 
0.423333 
0.425 
0.426667 
0.428333 
0.43 
0.43 
0.43 
0.43 
0.43 
0.43 
0.43 
0.43 
0.43 
0.43 
0.43 
0.43 
0.43 
0.43 
0.43 
0.43 
0.43 
0.431667 
0.431667 
0.431667 
0.433333 
0.433333 
0.435 
0.436667 
0.438333 
0.44 
0.44 
0.44 
0.441667 
0.443333 
0.445 
0.446667 
0.448333 
0.448333 
0.448333 
0.448333 
0.448333 
0.448333 
0.448333 
0.448333 
0.448333 
0.448333 
0.448333 
0.448333 
0.448333 
0.448333 
0.448333 
0.448333 
0.45 
0.448333 
0.448333 
0.448333 
0.45 
0.45 
0.451667 
0.453333 
0.453333 
0.453333 
0.453333 
0.455 
0.455 
0.455 
0.456667 
0.456667 
0.456667 
0.456667 
0.456667 
0.456667 
0.456667 
0.456667 
0.456667 
0.456667 
0.456667 
0.456667 
0.456667 
0.456667 
0.458333 
0.46 
0.458333 
0.456667 
0.458333 
0.46 
0.461667 
0.463333 
0.463333 
0.465 
0.466667 
0.466667 
0.468333 
0.468333 
0.47 
0.471667 
0.471667 
0.473333 
0.473333 
0.473333 
0.473333 
0.473333 
0.473333 
0.473333 
0.473333 
0.473333 
0.473333 
0.473333 
0.473333 
0.475 
0.475 
0.473333 
0.471667 
0.471667 
0.47 
0.47 
0.468333 
0.466667 
0.468333 
0.468333 
0.47 
0.471667 
0.471667 
0.471667 
0.471667 
0.473333 
0.475 
0.475 
0.475 
0.475 
0.475 
0.475 
0.475 
0.475 
0.475 
0.475 
0.475 
0.475 
0.476667 
0.476667 
0.476667 
0.478333 
0.478333 
0.48 
0.481667 
0.481667 
0.48 
0.48 
0.48 
0.48 
0.48 
0.481667 
0.483333 
0.485 
0.486667 
0.486667 
0.486667 
0.488333 
0.488333 
0.488333 
0.488333 
0.488333 
0.488333 
0.488333 
0.488333 
0.488333 
0.488333 
0.488333 
0.488333 
0.486667 
0.485 
0.486667 
0.485 
0.483333 
0.485 
0.483333 
0.485 
0.483333 
0.481667 
0.481667 
0.48 
0.48 
0.48 
0.478333 
0.478333 
0.478333 
0.478333 
0.478333 
0.478333 
0.478333 
0.478333 
0.478333 
0.478333 
0.478333 
0.478333 
0.478333 
0.478333 
0.48 
0.48 
0.48 
0.478333 
0.478333 
0.476667 
0.475 
0.475 
0.473333 
0.473333 
0.475 
0.476667 
0.475 
0.476667 
0.475 
0.473333 
0.475 
0.475 
0.475 
0.475 
0.475 
0.475 
0.475 
0.475 
0.475 
0.475 
0.475 
0.475 
0.475 
0.475 
0.476667 
0.476667 
0.475 
0.476667 
0.475 
0.475 
0.475 
0.473333 
0.473333 
0.475 
0.473333 
0.473333 
0.475 
0.473333 
0.473333 
0.475 
0.475 
0.473333 
0.473333 
0.473333 
0.473333 
0.473333 
0.473333 
0.473333 
0.473333 
0.473333 
0.473333 
0.473333 
0.475 
0.475 
0.476667 
0.475 
0.473333 
0.473333 
0.475 
0.473333 
0.475 
0.476667 
0.475 
0.473333 
0.473333 
0.471667 
0.47 
0.47 
0.471667 
0.473333 
0.471667 
0.471667 
0.471667 
0.471667 
0.471667 
0.471667 
0.471667 
0.471667 
0.471667 
0.471667 
0.471667 
0.471667 
0.473333 
0.471667 
0.471667 
0.47 
0.468333 
0.466667 
0.466667 
0.468333 
0.468333 
0.466667 
0.465 
0.465 
0.463333 
0.465 
0.463333 
0.461667 
0.46 
0.46 
0.461667 
0.461667 
0.461667 
0.461667 
0.461667 
0.461667 
0.461667 
0.461667 
0.461667 
0.461667 
0.461667 
0.463333 
0.465 
0.463333 
0.463333 
0.461667 
0.461667 
0.46 
0.458333 
0.456667 
0.456667 
0.456667 
0.458333 
0.46 
0.461667 
0.461667 
0.461667 
0.461667 
0.461667 
0.46 
0.46 
0.461667 
0.463333 
0.463333 
0.463333 
0.463333 
0.463333 
0.463333 
0.463333 
0.463333 
0.463333 
0.465 
0.463333 
0.461667 
0.461667 
0.46 
0.461667 
0.46 
0.46 
0.46 
0.461667 
0.46 
0.461667 
0.46 
0.46 
0.461667 
0.461667 
0.463333 
0.461667 
0.463333 
0.465 
0.463333 
0.465 
0.466667 
0.468333 
0.47 
0.471667 
0.471667 
0.471667 
0.471667 
0.473333 
0.475 
0.475 
0.475 
0.473333 
0.475 
0.473333 
0.473333 
0.473333 
0.473333 
0.473333 
0.471667 
0.471667 
0.473333 
0.475 
0.473333 
0.471667 
0.47 
0.468333 
0.47 
0.468333 
0.466667 
0.466667 
0.466667 
0.468333 
0.47 
0.47 
0.47 
0.47 
0.471667 
0.473333 
0.475 
0.476667 
0.476667 
0.476667 
0.476667 
0.478333 
0.478333 
0.476667 
0.478333 
0.476667 
0.478333 
0.476667 
0.475 
0.475 
0.476667 
0.478333 
0.48 
0.478333 
0.478333 
0.476667 
0.476667 
0.478333 
0.48 
0.48 
0.48 
0.48 
0.48 
0.48 
0.481667 
0.483333 
0.485 
0.485 
0.485 
0.485 
0.486667 
0.488333 
0.49 
0.488333 
0.488333 
0.49 
0.488333 
0.486667 
0.485 
0.485 
0.486667 
0.485 
0.485 
0.486667 
0.488333 
0.49 
0.488333 
0.486667 
0.488333 
0.49 
0.491667 
0.491667 
0.491667 
0.491667 
0.493333 
0.495 
0.496667 
0.498333 
0.498333 
0.498333 
0.498333 
0.5 
0.501667 
0.501667 
0.5 
0.498333 
0.496667 
0.496667 
0.496667 
0.498333 
0.5 
0.501667 
0.503333 
0.501667 
0.5 
0.498333 
0.496667 
0.496667 
0.498333 
0.5 
0.501667 
0.501667 
0.501667 
0.503333 
0.505 
0.506667 
0.508333 
0.508333 
0.508333 
0.508333 
0.508333 
0.508333 
0.508333 
0.51 
0.51 
0.51 
0.511667 
0.513333 
0.515 
0.516667 
0.515 
0.516667 
0.518333 
0.516667 
0.516667 
0.516667 
0.516667 
0.518333 
0.52 
0.52 
0.521667 
0.521667 
0.523333 
0.523333 
0.525 
0.525 
0.525 
0.526667 
0.526667 
0.526667 
0.526667 
0.528333 
0.53 
0.53 
0.528333 
0.53 
0.531667 
0.53 
0.53 
0.53 
0.531667 
0.531667 
0.531667 
0.53 
0.531667 
0.533333 
0.531667 
0.533333 
0.533333 
0.535 
0.535 
0.535 
0.536667 
0.538333 
0.54 
0.541667 
0.543333 
0.545 
0.546667 
0.548333 
0.548333 
0.548333 
0.548333 
0.548333 
0.548333 
0.548333 
0.546667 
0.546667 
0.548333 
0.546667 
0.546667 
0.548333 
0.55 
0.551667 
0.553333 
0.555 
0.556667 
0.558333 
0.56 
0.561667 
0.563333 
0.565 
0.566667 
0.568333 
0.568333 
0.568333 
0.57 
0.571667 
0.573333 
0.575 
0.575 
0.575 
0.575 
0.576667 
0.578333 
0.576667 
0.578333 
0.58 
0.581667 
0.58 
0.578333 
0.58 
0.58 
0.58 
0.58 
0.581667 
0.583333 
0.585 
0.586667 
0.588333 
0.588333 
0.59 
0.59 
0.59 
0.59 
0.591667 
0.593333 
0.595 
0.596667 
0.598333 
0.598333 
0.598333 
0.598333 
0.6 
0.598333 
0.596667 
0.595 
0.595 
0.596667 
0.596667 
0.598333 
0.596667 
0.595 
0.596667 
0.598333 
0.6 
0.601667 
0.603333 
0.605 
0.606667 
0.608333 
0.61 
0.61 
0.61 
0.61 
0.61 
0.611667 
0.613333 
0.613333 
0.615 
0.615 
0.615 
0.615 
0.616667 
0.615 
0.613333 
0.611667 
0.61 
0.611667 
0.611667 
0.611667 
0.61 
0.61 
0.61 
0.61 
0.611667 
0.611667 
0.613333 
0.615 
0.615 
0.616667 
0.616667 
0.616667 
0.616667 
0.616667 
0.616667 
0.618333 
0.62 
0.621667 
0.621667 
0.621667 
0.621667 
0.621667 
0.623333 
0.625 
0.623333 
0.621667 
0.62 
0.62 
0.621667 
0.623333 
0.621667 
0.623333 
0.625 
0.626667 
0.626667 
0.628333 
0.63 
0.631667 
0.633333 
0.635 
0.635 
0.635 
0.635 
0.635 
0.635 
0.636667 
0.638333 
0.64 
0.64 
0.64 
0.64 
0.64 
0.64 
0.638333 
0.636667 
0.635 
0.633333 
0.633333 
0.631667 
0.63 
0.628333 
0.628333 
0.628333 
0.63 
0.631667 
0.633333 
0.635 
0.636667 
0.638333 
0.64 
0.64 
0.64 
0.64 
0.64 
0.64 
0.64 
0.64 
0.64 
0.641667 
0.641667 
0.641667 
0.643333 
0.643333 
0.645 
0.646667 
0.646667 
0.648333 
0.646667 
0.646667 
0.648333 
0.646667 
0.648333 
0.646667 
0.646667 
0.648333 
0.65 
0.651667 
0.653333 
0.655 
0.655 
0.655 
0.655 
0.655 
0.655 
0.655 
0.655 
0.655 
0.655 
0.655 
0.655 
0.655 
0.656667 
0.655 
0.653333 
0.653333 
0.651667 
0.651667 
0.65 
0.65 
0.648333 
0.646667 
0.645 
0.646667 
0.646667 
0.648333 
0.65 
0.651667 
0.651667 
0.653333 
0.655 
0.656667 
0.656667 
0.656667 
0.656667 
0.656667 
0.656667 
0.656667 
0.656667 
0.656667 
0.656667 
0.656667 
0.656667 
0.656667 
0.658333 
0.658333 
0.656667 
0.656667 
0.658333 
0.66 
0.66 
0.658333 
0.658333 
0.656667 
0.655 
0.653333 
0.655 
0.655 
0.655 
0.655 
0.656667 
0.658333 
0.658333 
0.658333 
0.658333 
0.658333 
0.658333 
0.658333 
0.658333 
0.658333 
0.658333 
0.658333 
0.658333 
0.658333 
0.66 
0.661667 
0.661667 
0.661667 
0.663333 
0.665 
0.663333 
0.665 
0.663333 
0.661667 
0.661667 
0.661667 
0.661667 
0.663333 
0.665 
0.666667 
0.668333 
0.67 
0.67 
0.67 
0.67 
0.67 
0.67 
0.67 
0.67 
0.67 
0.67 
0.67 
0.67 
0.671667 
0.673333 
0.675 
0.673333 
0.671667 
0.67 
0.67 
0.668333 
0.666667 
0.668333 
0.666667 
0.666667 
0.665 
0.663333 
0.661667 
0.663333 
0.663333 
0.665 
0.666667 
0.666667 
0.666667 
0.666667 
0.666667 
0.666667 
0.666667 
0.666667 
0.666667 
0.666667 
0.666667 
0.668333 
0.67 
0.671667 
0.673333 
0.673333 
0.673333 
0.673333 
0.673333 
0.671667 
0.671667 
0.671667 
0.671667 
0.67 
0.668333 
0.668333 
0.67 
0.67 
0.671667 
0.673333 
0.675 
0.675 
0.675 
0.675 
0.675 
0.675 
0.675 
0.675 
0.675 
0.675 
0.676667 
0.678333 
0.676667 
0.678333 
0.68 
0.678333 
0.68 
0.68 
0.68 
0.68 
0.68 
0.681667 
0.683333 
0.683333 
0.681667 
0.68 
0.678333 
0.678333 
0.68 
0.681667 
0.683333 
0.683333 
0.683333 
0.683333 
0.683333 
0.683333 
0.683333 
0.683333 
0.683333 
0.683333 
0.685 
0.686667 
0.685 
0.683333 
0.685 
0.683333 
0.683333 
0.683333 
0.685 
0.683333 
0.683333 
0.685 
0.686667 
0.688333 
0.688333 
0.688333 
0.688333 
0.688333 
0.69 
0.69 
0.69 
0.69 
0.69 
0.69 
0.69 
0.69 
0.69 
0.69 
0.69 
0.69 
0.688333 
0.686667 
0.686667 
0.686667 
0.686667 
0.685 
0.685 
0.683333 
0.681667 
0.683333 
0.681667 
0.681667 
0.683333 
0.683333 
0.683333 
0.681667 
0.68 
0.681667 
0.68 
0.68 
0.68 
0.68 
0.68 
0.68 
0.68 
0.68 
0.68 
0.68 
0.68 
0.681667 
0.68 
0.681667 
0.683333 
0.685 
0.683333 
0.683333 
0.683333 
0.685 
0.685 
0.683333 
0.681667 
0.681667 
0.68 
0.681667 
0.683333 
0.683333 
0.681667 
0.68 
0.681667 
0.683333 
0.685 
0.686667 
0.688333 
0.688333 
0.688333 
0.688333 
0.688333 
0.688333 
0.69 
0.688333 
0.69 
0.69 
0.688333 
0.686667 
0.685 
0.685 
0.683333 
0.685 
0.685 
0.686667 
0.686667 
0.688333 
0.686667 
0.686667 
0.686667 
0.686667 
0.688333 
0.69 
0.69 
0.69 
0.691667 
0.693333 
0.693333 
0.693333 
0.693333 
0.693333 
0.693333 
0.693333 
0.695 
0.696667 
0.698333 
0.7 
0.7 
0.701667 
0.7 
0.7 
0.701667 
0.701667 
0.703333 
0.705 
0.706667 
0.708333 
0.706667 
0.706667 
0.706667 
0.708333 
0.708333 
0.71 
0.71 
0.71 
0.711667 
0.713333 
0.713333 
0.713333 
0.713333 
0.713333 
0.713333 
0.713333 
0.713333 
0.711667 
0.711667 
0.711667 
0.713333 
0.715 
0.715 
0.716667 
0.718333 
0.716667 
0.716667 
0.716667 
0.715 
0.715 
0.716667 
0.718333 
0.716667 
0.716667 
0.718333 
0.718333 
0.718333 
0.718333 
0.72 
0.721667 
0.723333 
0.723333 
0.723333 
0.723333 
0.725 
0.726667 
0.726667 
0.728333 
0.73 
0.73 
0.731667 
0.73 
0.73 
0.731667 
0.73 
0.728333 
0.728333 
0.73 
0.73 
0.731667 
0.733333 
0.733333 
0.733333 
0.733333 
0.733333 
0.733333 
0.733333 
0.735 
0.736667 
0.736667 
0.738333 
0.74 
0.74 
0.741667 
0.741667 
0.743333 
0.741667 
0.741667 
0.743333 
0.741667 
0.741667 
0.74 
0.738333 
0.738333 
0.74 
0.74 
0.74 
0.741667 
0.743333 
0.743333 
0.741667 
0.74 
0.74 
0.741667 
0.741667 
0.741667 
0.741667 
0.741667 
0.741667 
0.741667 
0.741667 
0.743333 
0.743333 
0.745 
0.743333 
0.741667 
0.741667 
0.743333 
0.743333 
0.745 
0.745 
0.745 
0.746667 
0.748333 
0.75 
0.75 
0.751667 
0.75 
0.75 
0.751667 
0.753333 
0.755 
0.753333 
0.755 
0.756667 
0.758333 
0.758333 
0.758333 
0.758333 
0.76 
0.761667 
0.763333 
0.765 
0.765 
0.765 
0.765 
0.766667 
0.768333 
0.766667 
0.766667 
0.768333 
0.77 
0.768333 
0.766667 
0.766667 
0.765 
0.765 
0.766667 
0.766667 
0.766667 
0.765 
0.766667 
0.765 
0.763333 
0.761667 
0.763333 
0.763333 
0.763333 
0.765 
0.766667 
0.768333 
0.77 
0.771667 
0.77 
0.771667 
0.773333 
0.771667 
0.773333 
0.771667 
0.77 
0.771667 
0.77 
0.768333 
0.77 
0.77 
0.771667 
0.771667 
0.771667 
0.77 
0.77 
0.77 
0.77 
0.77 
0.771667 
0.771667 
0.771667 
0.77 
0.768333 
0.766667 
0.766667 
0.768333 
0.77 
0.768333 
0.768333 
0.77 
0.768333 
0.768333 
0.766667 
0.768333 
0.768333 
0.77 
0.77 
0.77 
0.771667 
0.77 
0.77 
0.768333 
0.77 
0.771667 
0.773333 
0.775 
0.773333 
0.775 
0.776667 
0.775 
0.776667 
0.775 
0.775 
0.776667 
0.776667 
0.778333 
0.778333 
0.776667 
0.775 
0.775 
0.776667 
0.776667 
0.778333 
0.778333 
0.776667 
0.778333 
0.776667 
0.778333 
0.778333 
0.78 
0.78 
0.778333 
0.778333 
0.776667 
0.775 
0.776667 
0.776667 
0.778333 
0.776667 
0.775 
0.773333 
0.775 
0.776667 
0.778333 
0.78 
0.78 
0.778333 
0.776667 
0.776667 
0.778333 
0.78 
0.781667 
0.781667 
0.781667 
0.78 
0.78 
0.778333 
0.778333 
0.78 
0.78 
0.78 
0.78 
0.78 
0.781667 
0.781667 
0.781667 
0.78 
0.78 
0.781667 
0.783333 
0.781667 
0.781667 
0.78 
0.781667 
0.783333 
0.785 
0.783333 
0.781667 
0.78 
0.78 
0.78 
0.781667 
0.783333 
0.783333 
0.783333 
0.785 
0.786667 
0.788333 
0.79 
0.788333 
0.79 
0.788333 
0.786667 
0.785 
0.785 
0.785 
0.786667 
0.786667 
0.788333 
0.786667 
0.786667 
0.786667 
0.786667 
0.788333 
0.79 
0.788333 
0.788333 
0.786667 
0.785 
0.786667 
0.788333 
0.79 
0.79 
0.791667 
0.79 
0.788333 
0.788333 
0.788333 
0.786667 
0.786667 
0.786667 
0.785 
0.783333 
0.781667 
0.781667 
0.781667 
0.78 
0.78 
0.781667 
0.78 
0.78 
0.781667 
0.78 
0.781667 
0.78 
0.781667 
0.781667 
0.783333 
0.785 
0.785 
0.786667 
0.788333 
0.79 
0.79 
0.788333 
0.788333 
0.788333 
0.788333 
0.786667 
0.786667 
0.785 
0.783333 
0.783333 
0.785 
0.783333 
0.785 
0.783333 
0.783333 
0.785 
0.783333 
0.785 
0.783333 
0.785 
0.786667 
0.785 
0.785 
0.783333 
0.781667 
0.781667 
0.781667 
0.78 
0.78 
0.78 
0.781667 
0.783333 
0.781667 
0.78 
0.78 
0.781667 
0.783333 
0.783333 
0.785 
0.783333 
0.783333 
0.781667 
0.78 
0.778333 
0.776667 
0.776667 
0.775 
0.775 
0.773333 
0.771667 
0.77 
0.77 
0.77 
0.77 
0.771667 
0.77 
0.768333 
0.766667 
0.766667 
0.768333 
0.768333 
0.77 
0.768333 
0.768333 
0.77 
0.768333 
0.766667 
0.765 
0.765 
0.766667 
0.765 
0.765 
0.765 
0.766667 
0.766667 
0.765 
0.765 
0.763333 
0.763333 
0.765 
0.763333 
0.763333 
0.763333 
0.763333 
0.761667 
0.76 
0.758333 
0.758333 
0.756667 
0.758333 
0.758333 
0.76 
0.758333 
0.758333 
0.76 
0.76 
0.76 
0.76 
0.758333 
0.756667 
0.756667 
0.758333 
0.756667 
0.755 
0.755 
0.753333 
0.751667 
0.751667 
0.75 
0.748333 
0.748333 
0.748333 
0.748333 
0.748333 
0.75 
0.75 
0.748333 
0.75 
0.75 
0.751667 
0.753333 
0.755 
0.753333 
0.753333 
0.755 
0.756667 
0.756667 
0.756667 
0.756667 
0.755 
0.755 
0.756667 
0.755 
0.755 
0.753333 
0.753333 
0.753333 
0.751667 
0.753333 
0.753333 
0.755 
0.755 
0.755 
0.755 
0.756667 
0.755 
0.753333 
0.753333 
0.755 
0.756667 
0.756667 
0.756667 
0.755 
0.755 
0.756667 
0.758333 
0.76 
0.76 
0.76 
0.76 
0.761667 
0.76 
0.758333 
0.758333 
0.76 
0.758333 
0.756667 
0.756667 
0.755 
0.753333 
0.753333 
0.753333 
0.753333 
0.753333 
0.755 
0.755 
0.755 
0.753333 
0.753333 
0.753333 
0.753333 
0.755 
0.756667 
0.758333 
0.756667 
0.758333 
0.76 
0.761667 
0.763333 
0.765 
0.766667 
0.766667 
0.765 
0.763333 
0.761667 
0.76 
0.758333 
0.756667 
0.755 
0.755 
0.755 
0.755 
0.755 
0.755 
0.756667 
0.758333 
0.76 
0.761667 
0.761667 
0.761667 
0.763333 
0.761667 
0.761667 
0.761667 
0.76 
0.761667 
0.76 
0.761667 
0.761667 
0.76 
0.761667 
0.761667 
0.763333 
0.763333 
0.763333 
0.761667 
0.761667 
0.76 
0.76 
0.761667 
0.763333 
0.763333 
0.763333 
0.763333 
0.765 
0.765 
0.765 
0.766667 
0.766667 
0.768333 
0.77 
0.768333 
0.77 
0.771667 
0.77 
0.771667 
0.773333 
0.775 
0.775 
0.775 
0.776667 
0.778333 
0.776667 
0.778333 
0.778333 
0.776667 
0.776667 
0.776667 
0.775 
0.773333 
0.771667 
0.771667 
0.771667 
0.773333 
0.773333 
0.775 
0.776667 
0.776667 
0.776667 
0.776667 
0.778333 
0.78 
0.78 
0.778333 
0.776667 
0.778333 
0.78 
0.778333 
0.778333 
0.78 
0.781667 
0.78 
0.781667 
0.783333 
0.785 
0.785 
0.786667 
0.788333 
0.79 
0.788333 
0.788333 
0.788333 
0.788333 
0.788333 
0.788333 
0.79 
0.791667 
0.791667 
0.791667 
0.791667 
0.793333 
0.795 
0.795 
0.793333 
0.791667 
0.793333 
0.791667 
0.791667 
0.79 
0.791667 
0.79 
0.791667 
0.79 
0.788333 
0.788333 
0.788333 
0.786667 
0.785 
0.783333 
0.781667 
0.781667 
0.781667 
0.781667 
0.781667 
0.781667 
0.783333 
0.783333 
0.783333 
0.783333 
0.783333 
0.783333 
0.785 
0.783333 
0.783333 
0.781667 
0.78 
0.781667 
0.781667 
0.781667 
0.783333 
0.785 
0.783333 
0.783333 
0.785 
0.786667 
0.786667 
0.788333 
0.786667 
0.786667 
0.785 
0.785 
0.786667 
0.786667 
0.786667 
0.786667 
0.788333 
0.79 
0.79 
0.79 
0.79 
0.791667 
0.791667 
0.79 
0.788333 
0.788333 
0.788333 
0.788333 
0.786667 
0.788333 
0.79 
0.788333 
0.786667 
0.785 
0.785 
0.786667 
0.786667 
0.786667 
0.788333 
0.786667 
0.785 
0.783333 
0.785 
0.786667 
0.786667 
0.786667 
0.788333 
0.788333 
0.788333 
0.788333 
0.79 
0.788333 
0.786667 
0.786667 
0.785 
0.785 
0.786667 
0.785 
0.786667 
0.786667 
0.786667 
0.785 
0.785 
0.785 
0.786667 
0.788333 
0.79 
0.791667 
0.791667 
0.79 
0.788333 
0.786667 
0.786667 
0.786667 
0.786667 
0.786667 
0.788333 
0.79 
0.791667 
0.793333 
0.795 
0.793333 
0.793333 
0.795 
0.796667 
0.796667 
0.796667 
0.798333 
0.798333 
0.796667 
0.796667 
0.798333 
0.798333 
0.796667 
0.796667 
0.795 
0.795 
0.795 
0.795 
0.795 
0.795 
0.795 
0.796667 
0.796667 
0.796667 
0.796667 
0.798333 
0.798333 
0.8 
0.801667 
0.801667 
0.803333 
0.805 
0.803333 
0.805 
0.806667 
0.808333 
0.808333 
0.808333 
0.81 
0.808333 
0.81 
0.808333 
0.808333 
0.806667 
0.808333 
0.81 
0.811667 
0.811667 
0.813333 
0.815 
0.815 
0.816667 
0.818333 
0.82 
0.82 
0.82 
0.82 
0.821667 
0.823333 
0.823333 
0.825 
0.823333 
0.823333 
0.823333 
0.825 
0.826667 
0.825 
0.823333 
0.821667 
0.823333 
0.825 
0.823333 
0.823333 
0.823333 
0.821667 
0.82 
0.821667 
0.823333 
0.823333 
0.823333 
0.823333 
0.821667 
0.82 
0.821667 
0.823333 
0.823333 
0.823333 
0.823333 
0.821667 
0.823333 
0.821667 
0.821667 
0.823333 
0.825 
0.826667 
0.825 
0.826667 
0.826667 
0.826667 
0.825 
0.823333 
0.821667 
0.823333 
0.823333 
0.825 
0.825 
0.823333 
0.823333 
0.823333 
0.823333 
0.821667 
0.82 
0.821667 
0.821667 
0.821667 
0.821667 
0.821667 
0.823333 
0.823333 
0.823333 
0.821667 
0.82 
0.818333 
0.818333 
0.82 
0.818333 
0.818333 
0.816667 
0.815 
0.813333 
0.811667 
0.81 
0.811667 
0.81 
0.811667 
0.81 
0.811667 
0.811667 
0.813333 
0.815 
0.815 
0.815 
0.816667 
0.818333 
0.818333 
0.818333 
0.818333 
0.82 
0.818333 
0.818333 
0.82 
0.821667 
0.82 
0.82 
0.821667 
0.821667 
0.821667 
0.823333 
0.823333 
0.821667 
0.82 
0.82 
0.818333 
0.818333 
0.82 
0.821667 
0.821667 
0.823333 
0.825 
0.825 
0.823333 
0.823333 
0.821667 
0.823333 
0.825 
0.825 
0.823333 
0.823333 
0.823333 
0.823333 
0.823333 
0.821667 
0.821667 
0.82 
0.821667 
0.821667 
0.823333 
0.825 
0.826667 
0.825 
0.823333 
0.823333 
0.821667 
0.82 
0.818333 
0.82 
0.821667 
0.823333 
0.825 
0.823333 
0.823333 
0.825 
0.825 
0.825 
0.826667 
0.826667 
0.826667 
0.825 
0.826667 
0.828333 
0.828333 
0.83 
0.831667 
0.833333 
0.835 
0.833333 
0.833333 
0.831667 
0.831667 
0.83 
0.83 
0.831667 
0.831667 
0.833333 
0.835 
0.833333 
0.835 
0.836667 
0.838333 
0.84 
0.841667 
0.843333 
0.845 
0.845 
0.846667 
0.845 
0.846667 
0.848333 
0.846667 
0.845 
0.846667 
0.845 
0.846667 
0.845 
0.845 
0.843333 
0.841667 
0.841667 
0.841667 
0.843333 
0.845 
0.843333 
0.841667 
0.841667 
0.843333 
0.841667 
0.84 
0.838333 
0.838333 
0.84 
0.841667 
0.84 
0.838333 
0.836667 
0.836667 
0.836667 
0.835 
0.836667 
0.836667 
0.835 
0.835 
0.836667 
0.836667 
0.836667 
0.838333 
0.838333 
0.84 
0.84 
0.838333 
0.836667 
0.836667 
0.835 
0.836667 
0.836667 
0.836667 
0.836667 
0.835 
0.835 
0.836667 
0.838333 
0.836667 
0.836667 
0.835 
0.833333 
0.831667 
0.833333 
0.831667 
0.83 
0.831667 
0.831667 
0.833333 
0.835 
0.833333 
0.833333 
0.835 
0.835 
0.833333 
0.833333 
0.831667 
0.83 
0.831667 
0.83 
0.831667 
0.83 
0.828333 
0.828333 
0.828333 
0.83 
0.831667 
0.833333 
0.835 
0.836667 
0.835 
0.835 
0.836667 
0.836667 
0.835 
0.835 
0.836667 
0.835 
0.833333 
0.831667 
0.831667 
0.833333 
0.835 
0.833333 
0.835 
0.836667 
0.836667 
0.835 
0.833333 
0.831667 
0.83 
0.83 
0.828333 
0.828333 
0.828333 
0.828333 
0.83 
0.828333 
0.826667 
0.828333 
0.826667 
0.825 
0.826667 
0.828333 
0.826667 
0.825 
0.826667 
0.825 
0.826667 
0.828333 
0.826667 
0.828333 
0.826667 
0.825 
0.825 
0.826667 
0.828333 
0.83 
0.83 
0.831667 
0.831667 
0.83 
0.83 
0.831667 
0.833333 
0.833333 
0.833333 
0.833333 
0.831667 
0.831667 
0.833333 
0.835 
0.836667 
0.836667 
0.835 
0.835 
0.833333 
0.831667 
0.831667 
0.831667 
0.83 
0.831667 
0.831667 
0.83 
0.83 
0.831667 
0.83 
0.828333 
0.828333 
0.83 
0.828333 
0.83 
0.828333 
0.826667 
0.826667 
0.828333 
0.83 
0.831667 
0.83 
0.83 
0.83 
0.831667 
0.833333 
0.835 
0.835 
0.836667 
0.835 
0.835 
0.835 
0.836667 
0.835 
0.833333 
0.833333 
0.831667 
0.83 
0.83 
0.83 
0.831667 
0.831667 
0.83 
0.831667 
0.83 
0.831667 
0.83 
0.831667 
0.83 
0.828333 
0.828333 
0.826667 
0.826667 
0.828333 
0.826667 
0.828333 
0.826667 
0.826667 
0.825 
0.825 
0.826667 
0.825 
0.826667 
0.826667 
0.826667 
0.825 
0.825 
0.825 
0.825 
0.826667 
0.828333 
0.83 
0.828333 
0.828333 
0.83 
0.828333 
0.826667 
0.828333 
0.828333 
0.826667 
0.828333 
0.828333 
0.83 
0.828333 
0.826667 
0.825 
0.825 
0.823333 
0.821667 
0.82 
0.82 
0.818333 
0.82 
0.82 
0.821667 
0.821667 
0.823333 
0.825 
0.826667 
0.828333 
0.826667 
0.826667 
0.828333 
0.828333 
0.828333 
0.828333 
0.826667 
0.825 
0.825 
0.825 
0.823333 
0.823333 
0.825 
0.825 
0.826667 
0.828333 
0.826667 
0.826667 
0.826667 
0.825 
0.826667 
0.825 
0.825 
0.826667 
0.828333 
0.826667 
0.826667 
0.826667 
0.825 
0.825 
0.826667 
0.825 
0.826667 
0.828333 
0.828333 
0.83 
0.831667 
0.831667 
0.83 
0.831667 
0.833333 
0.833333 
0.835 
0.833333 
0.835 
0.833333 
0.835 
0.835 
0.835 
0.835 
0.835 
0.836667 
0.835 
0.835 
0.833333 
0.833333 
0.835 
0.836667 
0.838333 
0.836667 
0.835 
0.836667 
0.835 
0.835 
0.833333 
0.833333 
0.835 
0.835 
0.835 
0.835 
0.835 
0.836667 
0.838333 
0.84 
0.84 
0.84 
0.841667 
0.843333 
0.843333 
0.841667 
0.84 
0.841667 
0.84 
0.841667 
0.843333 
0.843333 
0.841667 
0.843333 
0.841667 
0.843333 
0.845 
0.845 
0.843333 
0.845 
0.846667 
0.846667 
0.848333 
0.848333 
0.846667 
0.846667 
0.848333 
0.846667 
0.848333 
0.85 
0.851667 
0.851667 
0.853333 
0.855 
0.853333 
0.855 
0.853333 
0.853333 
0.853333 
0.855 
0.856667 
0.855 
0.855 
0.855 
0.853333 
0.855 
0.856667 
0.856667 
0.855 
0.853333 
0.853333 
0.855 
0.856667 
0.856667 
0.858333 
0.856667 
0.855 
0.853333 
0.855 
0.856667 
0.858333 
0.856667 
0.858333 
0.86 
0.858333 
0.858333 
0.858333 
0.86 
0.861667 
0.863333 
0.861667 
0.86 
0.858333 
0.858333 
0.856667 
0.855 
0.853333 
0.853333 
0.853333 
0.855 
0.856667 
0.855 
0.856667 
0.858333 
0.858333 
0.858333 
0.86 
0.86 
0.861667 
0.863333 
0.865 
0.863333 
0.861667 
0.86 
0.86 
0.861667 
0.863333 
0.865 
0.863333 
0.861667 
0.861667 
0.863333 
0.863333 
0.861667 
0.861667 
0.861667 
0.861667 
0.86 
0.858333 
0.86 
0.861667 
0.863333 
0.863333 
0.863333 
0.865 
0.866667 
0.868333 
0.87 
0.871667 
0.873333 
0.875 
0.873333 
0.873333 
0.873333 
0.871667 
0.873333 
0.875 
0.873333 
0.875 
0.875 
0.873333 
0.875 
0.873333 
0.875 
0.873333 
0.871667 
0.873333 
0.871667 
0.871667 
0.87 
0.871667 
0.87 
0.871667 
0.873333 
0.875 
0.873333 
0.871667 
0.87 
0.87 
0.87 
0.871667 
0.871667 
0.873333 
0.873333 
0.871667 
0.873333 
0.873333 
0.871667 
0.873333 
0.873333 
0.873333 
0.875 
0.873333 
0.873333 
0.871667 
0.871667 
0.873333 
0.871667 
0.871667 
0.873333 
0.871667 
0.87 
0.871667 
0.871667 
0.873333 
0.875 
0.875 
0.876667 
0.878333 
0.88 
0.88 
0.881667 
0.88 
0.878333 
0.88 
0.88 
0.881667 
0.88 
0.878333 
0.876667 
0.878333 
0.88 
0.878333 
0.876667 
0.878333 
0.876667 
0.876667 
0.875 
0.875 
0.873333 
0.873333 
0.873333 
0.873333 
0.873333 
0.873333 
0.873333 
0.873333 
0.873333 
0.875 
0.876667 
0.878333 
0.88 
0.878333 
0.878333 
0.88 
0.88 
0.88 
0.878333 
0.878333 
0.88 
0.881667 
0.883333 
0.881667 
0.881667 
0.88 
0.881667 
0.88 
0.881667 
0.88 
0.88 
0.881667 
0.88 
0.88 
0.881667 
0.883333 
0.885 
0.886667 
0.888333 
0.89 
0.891667 
0.893333 
0.895 
0.893333 
0.893333 
0.895 
0.896667 
0.896667 
0.895 
0.895 
0.896667 
0.895 
0.895 
0.896667 
0.895 
0.896667 
0.896667 
0.896667 
0.896667 
0.896667 
0.896667 
0.895 
0.893333 
0.891667 
0.89 
0.891667 
0.893333 
0.895 
0.895 
0.893333 
0.895 
0.895 
0.896667 
0.895 
0.895 
0.896667 
0.896667 
0.896667 
0.896667 
0.896667 
0.898333 
0.9 
0.901667 
0.901667 
0.9 
0.9 
0.898333 
0.898333 
0.9 
0.898333 
0.9 
0.898333 
0.896667 
0.895 
0.895 
0.893333 
0.895 
0.895 
0.895 
0.895 
0.895 
0.896667 
0.898333 
0.898333 
0.9 
0.901667 
0.903333 
0.901667 
0.901667 
0.903333 
0.905 
0.906667 
0.905 
0.905 
0.906667 
0.906667 
0.908333 
0.906667 
0.908333 
0.906667 
0.906667 
0.906667 
0.906667 
0.906667 
0.905 
0.903333 
0.903333 
0.905 
0.906667 
0.908333 
0.908333 
0.908333 
0.91 
0.908333 
0.906667 
0.905 
0.905 
0.903333 
0.905 
0.903333 
0.903333 
0.901667 
0.901667 
0.9 
0.9 
0.9 
0.901667 
0.9 
0.9 
0.9 
0.901667 
0.903333 
0.905 
0.906667 
0.905 
0.903333 
0.903333 
0.905 
0.906667 
0.905 
0.906667 
0.908333 
0.908333 
0.908333 
0.908333 
0.908333 
0.906667 
0.908333 
0.906667 
0.905 
0.906667 
0.906667 
0.906667 
0.906667 
0.906667 
0.906667 
0.906667 
0.908333 
0.906667 
0.908333 
0.908333 
0.908333 
0.906667 
0.906667 
0.905 
0.905 
0.903333 
0.903333 
0.905 
0.903333 
0.901667 
0.9 
0.901667 
0.903333 
0.905 
0.905 
0.903333 
0.901667 
0.901667 
0.901667 
0.9 
0.898333 
0.898333 
0.898333 
0.9 
0.901667 
0.903333 
0.903333 
0.903333 
0.903333 
0.905 
0.905 
0.906667 
0.908333 
0.906667 
0.906667 
0.908333 
0.906667 
0.906667 
0.908333 
0.91 
0.908333 
0.908333 
0.908333 
0.91 
0.91 
0.911667 
0.91 
0.911667 
0.913333 
0.913333 
0.913333 
0.911667 
0.913333 
0.911667 
0.91 
0.91 
0.911667 
0.913333 
0.915 
0.913333 
0.911667 
0.911667 
0.911667 
0.913333 
0.911667 
0.911667 
0.913333 
0.915 
0.913333 
0.911667 
0.913333 
0.915 
0.915 
0.915 
0.915 
0.915 
0.913333 
0.911667 
0.913333 
0.915 
0.913333 
0.913333 
0.911667 
0.91 
0.91 
0.908333 
0.91 
0.911667 
0.911667 
0.911667 
0.911667 
0.91 
0.911667 
0.91 
0.908333 
0.908333 
0.906667 
0.906667 
0.908333 
0.906667 
0.905 
0.905 
0.905 
0.905 
0.903333 
0.905 
0.906667 
0.906667 
0.905 
0.906667 
0.905 
0.903333 
0.905 
0.905 
0.903333 
0.905 
0.906667 
0.906667 
0.906667 
0.908333 
0.908333 
0.908333 
0.906667 
0.906667 
0.905 
0.905 
0.906667 
0.905 
0.906667 
0.906667 
0.905 
0.905 
0.906667 
0.908333 
0.91 
0.908333 
0.906667 
0.906667 
0.908333 
0.906667 
0.908333 
0.906667 
0.906667 
0.906667 
0.906667 
0.905 
0.906667 
0.908333 
0.906667 
0.908333 
0.91 
0.911667 
0.91 
0.908333 
0.906667 
0.905 
0.906667 
0.905 
0.903333 
0.903333 
0.905 
0.903333 
0.901667 
0.9 
0.901667 
0.9 
0.9 
0.898333 
0.896667 
0.895 
0.895 
0.893333 
0.895 
0.893333 
0.893333 
0.891667 
0.893333 
0.891667 
0.89 
0.891667 
0.89 
0.888333 
0.888333 
0.888333 
0.888333 
0.888333 
0.888333 
0.886667 
0.885 
0.885 
0.885 
0.883333 
0.881667 
0.881667 
0.88 
0.881667 
0.883333 
0.881667 
0.881667 
0.881667 
0.881667 
0.88 
0.881667 
0.883333 
0.885 
0.885 
0.885 
0.883333 
0.885 
0.885 
0.885 
0.885 
0.886667 
0.888333 
0.89 
0.891667 
0.89 
0.89 
0.891667 
0.891667 
0.891667 
0.891667 
0.893333 
0.893333 
0.893333 
0.891667 
0.893333 
0.895 
0.895 
0.896667 
0.896667 
0.896667 
0.895 
0.895 
0.893333 
0.895 
0.896667 
0.895 
0.896667 
0.896667 
0.898333 
0.9 
0.9 
0.901667 
0.9 
0.9 
0.898333 
0.9 
0.9 
0.901667 
0.903333 
0.905 
0.905 
0.906667 
0.908333 
0.906667 
0.906667 
0.905 
0.903333 
0.905 
0.903333 
0.901667 
0.903333 
0.905 
0.905 
0.906667 
0.908333 
0.908333 
0.91 
0.908333 
0.91 
0.911667 
0.91 
0.911667 
0.91 
0.91 
0.91 
0.908333 
0.906667 
0.908333 
0.906667 
0.905 
0.905 
0.906667 
0.906667 
0.906667 
0.908333 
0.91 
0.911667 
0.91 
0.91 
0.908333 
0.91 
0.908333 
0.906667 
0.906667 
0.908333 
0.91 
0.911667 
0.913333 
0.913333 
0.913333 
0.911667 
0.913333 
0.911667 
0.911667 
0.913333 
0.915 
0.915 
0.916667 
0.918333 
0.918333 
0.916667 
0.916667 
0.918333 
0.918333 
0.92 
0.918333 
0.916667 
0.918333 
0.916667 
0.918333 
0.92 
0.918333 
0.918333 
0.916667 
0.915 
0.915 
0.913333 
0.911667 
0.913333 
0.911667 
0.911667 
0.911667 
0.91 
0.908333 
0.908333 
0.91 
0.908333 
0.906667 
0.905 
0.903333 
0.903333 
0.903333 
0.903333 
0.905 
0.906667 
0.905 
0.903333 
0.905 
0.903333 
0.901667 
0.903333 
0.901667 
0.901667 
0.903333 
0.905 
0.905 
0.905 
0.906667 
0.905 
0.906667 
0.908333 
0.908333 
0.908333 
0.908333 
0.906667 
0.905 
0.905 
0.905 
0.905 
0.905 
0.903333 
0.905 
0.903333 
0.905 
0.905 
0.905 
0.903333 
0.903333 
0.905 
0.905 
0.906667 
0.908333 
0.91 
0.908333 
0.906667 
0.908333 
0.91 
0.908333 
0.908333 
0.906667 
0.908333 
0.906667 
0.908333 
0.91 
0.908333 
0.908333 
0.908333 
0.906667 
0.908333 
0.908333 
0.91 
0.908333 
0.91 
0.91 
0.908333 
0.908333 
0.906667 
0.905 
0.906667 
0.908333 
0.906667 
0.908333 
0.91 
0.908333 
0.906667 
0.905 
0.906667 
0.908333 
0.906667 
0.906667 
0.906667 
0.905 
0.903333 
0.905 
0.903333 
0.901667 
0.9 
0.901667 
0.901667 
0.903333 
0.903333 
0.905 
0.906667 
0.908333 
0.906667 
0.908333 
0.908333 
0.91 
0.908333 
0.906667 
0.906667 
0.905 
0.905 
0.905 
0.906667 
0.906667 
0.905 
0.905 
0.906667 
0.905 
0.905 
0.906667 
0.905 
0.905 
0.905 
0.903333 
0.903333 
0.901667 
0.9 
0.9 
0.901667 
0.903333 
0.905 
0.903333 
0.901667 
0.903333 
0.901667 
0.9 
0.9 
0.901667 
0.9 
0.9 
0.901667 
0.9 
0.9 
0.901667 
0.901667 
0.9 
0.901667 
0.9 
0.898333 
0.9 
0.901667 
0.901667 
0.9 
0.898333 
0.898333 
0.9 
0.898333 
0.9 
0.9 
0.901667 
0.903333 
0.903333 
0.905 
0.905 
0.906667 
0.906667 
0.906667 
0.905 
0.903333 
0.903333 
0.901667 
0.903333 
0.905 
0.903333 
0.905 
0.903333 
0.905 
0.905 
0.903333 
0.903333 
0.905 
0.905 
0.906667 
0.905 
0.903333 
0.903333 
0.905 
0.903333 
0.901667 
0.901667 
0.9 
0.9 
0.901667 
0.9 
0.901667 
0.901667 
0.901667 
0.9 
0.9 
0.9 
0.9 
0.9 
0.898333 
0.898333 
0.9 
0.9 
0.898333 
0.896667 
0.895 
0.896667 
0.898333 
0.9 
0.9 
0.9 
0.898333 
0.896667 
0.896667 
0.895 
0.895 
0.895 
0.895 
0.895 
0.896667 
0.895 
0.895 
0.893333 
0.893333 
0.895 
0.893333 
0.895 
0.896667 
0.896667 
0.895 
0.896667 
0.898333 
0.898333 
0.896667 
0.895 
0.893333 
0.891667 
0.89 
0.891667 
0.891667 
0.891667 
0.891667 
0.89 
0.89 
0.891667 
0.89 
0.888333 
0.886667 
0.885 
0.883333 
0.883333 
0.883333 
0.883333 
0.885 
0.886667 
0.888333 
0.886667 
0.888333 
0.89 
0.891667 
0.891667 
0.893333 
0.893333 
0.893333 
0.895 
0.893333 
0.893333 
0.893333 
0.891667 
0.89 
0.89 
0.888333 
0.886667 
0.886667 
0.885 
0.886667 
0.886667 
0.886667 
0.885 
0.885 
0.883333 
0.885 
0.886667 
0.885 
0.883333 
0.883333 
0.885 
0.883333 
0.881667 
0.88 
0.881667 
0.883333 
0.881667 
0.88 
0.88 
0.878333 
0.88 
0.88 
0.878333 
0.878333 
0.876667 
0.875 
0.875 
0.873333 
0.875 
0.876667 
0.875 
0.875 
0.875 
0.875 
0.876667 
0.875 
0.873333 
0.873333 
0.873333 
0.873333 
0.873333 
0.875 
0.876667 
0.875 
0.873333 
0.873333 
0.875 
0.873333 
0.875 
0.873333 
0.873333 
0.871667 
0.873333 
0.875 
0.876667 
0.878333 
0.88 
0.878333 
0.878333 
0.876667 
0.876667 
0.876667 
0.876667 
0.875 
0.876667 
0.876667 
0.876667 
0.875 
0.875 
0.876667 
0.878333 
0.88 
0.88 
0.88 
0.88 
0.881667 
0.881667 
0.881667 
0.883333 
0.881667 
0.88 
0.878333 
0.876667 
0.876667 
0.875 
0.873333 
0.871667 
0.87 
0.87 
0.871667 
0.873333 
0.873333 
0.875 
0.873333 
0.875 
0.876667 
0.878333 
0.876667 
0.876667 
0.878333 
0.878333 
0.876667 
0.878333 
0.876667 
0.876667 
0.876667 
0.878333 
0.878333 
0.878333 
0.878333 
0.876667 
0.876667 
0.875 
0.876667 
0.875 
0.875 
0.875 
0.873333 
0.871667 
0.873333 
0.873333 
0.873333 
0.875 
0.876667 
0.876667 
0.876667 
0.876667 
0.876667 
0.876667 
0.878333 
0.878333 
0.88 
0.878333 
0.878333 
0.878333 
0.88 
0.88 
0.88 
0.88 
0.881667 
0.881667 
0.88 
0.878333 
0.878333 
0.878333 
0.878333 
0.876667 
0.876667 
0.875 
0.876667 
0.875 
0.875 
0.873333 
0.875 
0.876667 
0.878333 
0.878333 
0.88 
0.878333 
0.878333 
0.88 
0.878333 
0.878333 
0.88 
0.878333 
0.88 
0.881667 
0.883333 
0.885 
0.885 
0.886667 
0.885 
0.885 
0.885 
0.885 
0.886667 
0.886667 
0.888333 
0.888333 
0.89 
0.888333 
0.888333 
0.89 
0.891667 
0.89 
0.89 
0.888333 
0.886667 
0.885 
0.885 
0.886667 
0.885 
0.886667 
0.886667 
0.885 
0.885 
0.885 
0.885 
0.886667 
0.888333 
0.89 
0.891667 
0.89 
0.891667 
0.89 
0.89 
0.89 
0.888333 
0.888333 
0.888333 
0.886667 
0.885 
0.885 
0.886667 
0.888333 
0.886667 
0.886667 
0.886667 
0.888333 
0.886667 
0.885 
0.883333 
0.881667 
0.883333 
0.883333 
0.883333 
0.883333 
0.883333 
0.885 
0.885 
0.886667 
0.886667 
0.885 
0.883333 
0.883333 
0.881667 
0.883333 
0.883333 
0.883333 
0.883333 
0.883333 
0.883333 
0.881667 
0.883333 
0.881667 
0.88 
0.881667 
0.883333 
0.881667 
0.88 
0.881667 
0.88 
0.878333 
0.88 
0.88 
0.878333 
0.878333 
0.878333 
0.876667 
0.875 
0.876667 
0.876667 
0.878333 
0.876667 
0.876667 
0.878333 
0.876667 
0.875 
0.875 
0.873333 
0.875 
0.875 
0.875 
0.873333 
0.875 
0.876667 
0.875 
0.873333 
0.873333 
0.871667 
0.873333 
0.875 
0.873333 
0.871667 
0.873333 
0.873333 
0.875 
0.873333 
0.875 
0.873333 
0.873333 
0.873333 
0.875 
0.873333 
0.873333 
0.875 
0.876667 
0.876667 
0.876667 
0.875 
0.875 
0.873333 
0.875 
0.876667 
0.875 
0.875 
0.875 
0.875 
0.875 
0.873333 
0.873333 
0.871667 
0.871667 
0.87 
0.868333 
0.87 
0.87 
0.87 
0.87 
0.87 
0.871667 
0.871667 
0.87 
0.871667 
0.87 
0.87 
0.87 
0.871667 
0.87 
0.871667 
0.87 
0.871667 
0.87 
0.87 
0.868333 
0.868333 
0.87 
0.871667 
0.873333 
0.871667 
0.871667 
0.873333 
0.873333 
0.873333 
0.871667 
0.87 
0.871667 
0.871667 
0.87 
0.87 
0.87 
0.87 
0.868333 
0.866667 
0.865 
0.866667 
0.868333 
0.868333 
0.868333 
0.87 
0.871667 
0.87 
0.87 
0.871667 
0.873333 
0.873333 
0.873333 
0.875 
0.875 
0.876667 
0.878333 
0.878333 
0.878333 
0.876667 
0.876667 
0.878333 
0.876667 
0.876667 
0.878333 
0.878333 
0.88 
0.881667 
0.881667 
0.883333 
0.881667 
0.881667 
0.883333 
0.885 
0.886667 
0.888333 
0.888333 
0.89 
0.888333 
0.886667 
0.886667 
0.888333 
0.886667 
0.888333 
0.89 
0.888333 
0.886667 
0.888333 
0.886667 
0.886667 
0.888333 
0.886667 
0.886667 
0.886667 
0.888333 
0.89 
0.888333 
0.89 
0.888333 
0.888333 
0.89 
0.888333 
0.888333 
0.89 
0.89 
0.888333 
0.886667 
0.886667 
0.888333 
0.888333 
0.888333 
0.886667 
0.888333 
0.888333 
0.89 
0.888333 
0.886667 
0.888333 
0.89 
0.888333 
0.888333 
0.89 
0.89 
0.888333 
0.886667 
0.888333 
0.89 
0.888333 
0.888333 
0.888333 
0.89 
0.888333 
0.888333 
0.886667 
0.886667 
0.886667 
0.886667 
0.885 
0.885 
0.883333 
0.881667 
0.883333 
0.885 
0.883333 
0.885 
0.885 
0.886667 
0.885 
0.886667 
0.885 
0.885 
0.886667 
0.886667 
0.886667 
0.888333 
0.89 
0.89 
0.89 
0.891667 
0.89 
0.891667 
0.893333 
0.895 
0.893333 
0.895 
0.896667 
0.895 
0.895 
0.893333 
0.893333 
0.895 
0.896667 
0.895 
0.895 
0.896667 
0.895 
0.893333 
0.891667 
0.891667 
0.89 
0.89 
0.888333 
0.886667 
0.888333 
0.886667 
0.885 
0.885 
0.883333 
0.881667 
0.883333 
0.881667 
0.88 
0.881667 
0.883333 
0.881667 
0.88 
0.881667 
0.88 
0.881667 
0.881667 
0.88 
0.88 
0.88 
0.881667 
0.881667 
0.883333 
0.881667 
0.881667 
0.881667 
0.881667 
0.881667 
0.881667 
0.88 
0.88 
0.878333 
0.876667 
0.876667 
0.876667 
0.876667 
0.876667 
0.875 
0.875 
0.873333 
0.873333 
0.871667 
0.87 
0.87 
0.868333 
0.866667 
0.865 
0.866667 
0.868333 
0.866667 
0.868333 
0.87 
0.868333 
0.866667 
0.866667 
0.865 
0.863333 
0.861667 
0.86 
0.86 
0.86 
0.86 
0.861667 
0.86 
0.86 
0.858333 
0.86 
0.861667 
0.863333 
0.861667 
0.861667 
0.863333 
0.861667 
0.861667 
0.863333 
0.865 
0.863333 
0.861667 
0.86 
0.861667 
0.86 
0.861667 
0.86 
0.861667 
0.861667 
0.863333 
0.861667 
0.861667 
0.86 
0.86 
0.861667 
0.863333 
0.861667 
0.861667 
0.863333 
0.863333 
0.861667 
0.86 
0.86 
0.86 
0.86 
0.858333 
0.858333 
0.86 
0.858333 
0.856667 
0.856667 
0.858333 
0.86 
0.86 
0.86 
0.86 
0.858333 
0.86 
0.858333 
0.86 
0.858333 
0.86 
0.861667 
0.861667 
0.86 
0.861667 
0.86 
0.861667 
0.863333 
0.865 
0.865 
0.865 
0.865 
0.866667 
0.868333 
0.87 
0.868333 
0.868333 
0.866667 
0.865 
0.865 
0.866667 
0.866667 
0.866667 
0.868333 
0.87 
0.87 
0.871667 
0.871667 
0.871667 
0.87 
0.87 
0.868333 
0.868333 
0.87 
0.868333 
0.866667 
0.866667 
0.865 
0.863333 
0.865 
0.865 
0.866667 
0.865 
0.865 
0.863333 
0.865 
0.865 
0.865 
0.863333 
0.861667 
0.86 
0.861667 
0.863333 
0.861667 
0.86 
0.86 
0.86 
0.858333 
0.86 
0.861667 
0.861667 
0.86 
0.861667 
0.863333 
0.863333 
0.863333 
0.865 
0.865 
0.865 
0.865 
0.866667 
0.865 
0.866667 
0.866667 
0.866667 
0.866667 
0.868333 
0.866667 
0.866667 
0.866667 
0.866667 
0.868333 
0.87 
0.868333 
0.868333 
0.868333 
0.866667 
0.866667 
0.866667 
0.868333 
0.87 
0.868333 
0.866667 
0.866667 
0.868333 
0.87 
0.871667 
0.873333 
0.871667 
0.873333 
0.875 
0.875 
0.875 
0.876667 
0.875 
0.873333 
0.873333 
0.873333 
0.871667 
0.871667 
0.87 
0.868333 
0.868333 
0.868333 
0.87 
0.87 
0.87 
0.87 
0.868333 
0.866667 
0.865 
0.865 
0.866667 
0.866667 
0.868333 
0.87 
0.868333 
0.87 
0.871667 
0.87 
0.87 
0.871667 
0.873333 
0.875 
0.873333 
0.871667 
0.87 
0.87 
0.871667 
0.873333 
0.871667 
0.873333 
0.875 
0.875 
0.875 
0.875 
0.876667 
0.876667 
0.878333 
0.876667 
0.876667 
0.876667 
0.878333 
0.878333 
0.88 
0.881667 
0.88 
0.88 
0.878333 
0.88 
0.881667 
0.88 
0.878333 
0.88 
0.878333 
0.876667 
0.876667 
0.875 
0.873333 
0.871667 
0.871667 
0.871667 
0.87 
0.87 
0.871667 
0.873333 
0.875 
0.873333 
0.873333 
0.871667 
0.873333 
0.871667 
0.873333 
0.871667 
0.87 
0.87 
0.87 
0.868333 
0.868333 
0.866667 
0.868333 
0.87 
0.87 
0.87 
0.87 
0.87 
0.87 
0.871667 
0.871667 
0.871667 
0.871667 
0.87 
0.871667 
0.87 
0.871667 
0.873333 
0.873333 
0.873333 
0.875 
0.876667 
0.875 
0.875 
0.875 
0.876667 
0.878333 
0.88 
0.88 
0.878333 
0.878333 
0.876667 
0.878333 
0.88 
0.881667 
0.883333 
0.885 
0.883333 
0.881667 
0.881667 
0.881667 
0.881667 
0.883333 
0.881667 
0.88 
0.88 
0.88 
0.881667 
0.881667 
0.88 
0.88 
0.881667 
0.88 
0.88 
0.881667 
0.883333 
0.885 
0.886667 
0.888333 
0.89 
0.888333 
0.888333 
0.89 
0.888333 
0.89 
0.888333 
0.888333 
0.89 
0.891667 
0.893333 
0.895 
0.896667 
0.895 
0.893333 
0.895 
0.895 
0.895 
0.895 
0.893333 
0.893333 
0.893333 
0.893333 
0.891667 
0.89 
0.89 
0.888333 
0.888333 
0.89 
0.888333 
0.886667 
0.885 
0.886667 
0.888333 
0.89 
0.89 
0.89 
0.891667 
0.891667 
0.893333 
0.895 
0.896667 
0.895 
0.896667 
0.896667 
0.895 
0.896667 
0.898333 
0.9 
0.9 
0.901667 
0.901667 
0.901667 
0.9 
0.9 
0.901667 
0.903333 
0.901667 
0.903333 
0.903333 
0.903333 
0.905 
0.903333 
0.905 
0.906667 
0.906667 
0.908333 
0.906667 
0.905 
0.906667 
0.908333 
0.908333 
0.906667 
0.905 
0.905 
0.906667 
0.908333 
0.906667 
0.905 
0.905 
0.905 
0.903333 
0.903333 
0.905 
0.903333 
0.903333 
0.905 
0.903333 
0.905 
0.905 
0.906667 
0.905 
0.903333 
0.903333 
0.901667 
0.901667 
0.903333 
0.901667 
0.903333 
0.905 
0.906667 
0.906667 
0.908333 
0.906667 
0.906667 
0.905 
0.906667 
0.905 
0.903333 
0.903333 
0.903333 
0.903333 
0.901667 
0.903333 
0.901667 
0.901667 
0.9 
0.898333 
0.898333 
0.896667 
0.898333 
0.898333 
0.898333 
0.9 
0.9 
0.901667 
0.903333 
0.901667 
0.9 
0.898333 
0.896667 
0.896667 
0.898333 
0.896667 
0.896667 
0.895 
0.895 
0.893333 
0.891667 
0.893333 
0.895 
0.895 
0.895 
0.895 
0.896667 
0.895 
0.893333 
0.891667 
0.891667 
0.891667 
0.891667 
0.893333 
0.891667 
0.891667 
0.893333 
0.891667 
0.893333 
0.895 
0.895 
0.893333 
0.893333 
0.891667 
0.891667 
0.89 
0.888333 
0.886667 
0.885 
0.886667 
0.886667 
0.886667 
0.885 
0.886667 
0.885 
0.885 
0.885 
0.885 
0.883333 
0.885 
0.885 
0.886667 
0.888333 
0.89 
0.888333 
0.888333 
0.888333 
0.89 
0.888333 
0.886667 
0.886667 
0.885 
0.885 
0.886667 
0.886667 
0.885 
0.885 
0.886667 
0.885 
0.885 
0.883333 
0.883333 
0.885 
0.885 
0.885 
0.883333 
0.881667 
0.88 
0.88 
0.88 
0.881667 
0.88 
0.881667 
0.88 
0.88 
0.881667 
0.88 
0.88 
0.878333 
0.878333 
0.878333 
0.878333 
0.88 
0.878333 
0.876667 
0.878333 
0.876667 
0.878333 
0.878333 
0.88 
0.881667 
0.881667 
0.883333 
0.881667 
0.88 
0.88 
0.88 
0.881667 
0.881667 
0.88 
0.878333 
0.878333 
0.878333 
0.88 
0.88 
0.881667 
0.881667 
0.881667 
0.883333 
0.883333 
0.885 
0.886667 
0.888333 
0.886667 
0.886667 
0.885 
0.886667 
0.885 
0.883333 
0.881667 
0.883333 
0.885 
0.885 
0.886667 
0.885 
0.883333 
0.885 
0.886667 
0.886667 
0.886667 
0.886667 
0.886667 
0.888333 
0.89 
0.891667 
0.89 
0.891667 
0.891667 
0.891667 
0.891667 
0.893333 
0.893333 
0.895 
0.896667 
0.895 
0.895 
0.896667 
0.895 
0.895 
0.895 
0.895 
0.893333 
0.893333 
0.895 
0.895 
0.895 
0.896667 
0.895 
0.895 
0.896667 
0.898333 
0.896667 
0.898333 
0.896667 
0.898333 
0.896667 
0.895 
0.896667 
0.898333 
0.9 
0.901667 
0.9 
0.898333 
0.898333 
0.9 
0.9 
0.898333 
0.9 
0.901667 
0.901667 
0.903333 
0.901667 
0.9 
0.901667 
0.903333 
0.901667 
0.9 
0.898333 
0.9 
0.898333 
0.9 
0.898333 
0.898333 
0.896667 
0.896667 
0.896667 
0.896667 
0.896667 
0.898333 
0.896667 
0.896667 
0.896667 
0.898333 
0.896667 
0.895 
0.896667 
0.895 
0.893333 
0.891667 
0.89 
0.891667 
0.891667 
0.891667 
0.89 
0.89 
0.89 
0.888333 
0.888333 
0.89 
0.888333 
0.886667 
0.885 
0.886667 
0.888333 
0.888333 
0.886667 
0.888333 
0.886667 
0.885 
0.886667 
0.885 
0.886667 
0.885 
0.885 
0.886667 
0.888333 
0.888333 
0.886667 
0.886667 
0.885 
0.885 
0.886667 
0.885 
0.885 
0.886667 
0.886667 
0.888333 
0.886667 
0.885 
0.883333 
0.883333 
0.883333 
0.883333 
0.885 
0.885 
0.886667 
0.885 
0.883333 
0.883333 
0.883333 
0.881667 
0.88 
0.878333 
0.878333 
0.878333 
0.876667 
0.875 
0.873333 
0.873333 
0.871667 
0.87 
0.868333 
0.868333 
0.868333 
0.87 
0.868333 
0.868333 
0.868333 
0.87 
0.87 
0.871667 
0.87 
0.87 
0.871667 
0.871667 
0.871667 
0.873333 
0.871667 
0.871667 
0.87 
0.87 
0.871667 
0.87 
0.871667 
0.871667 
0.871667 
0.871667 
0.873333 
0.873333 
0.873333 
0.875 
0.875 
0.875 
0.876667 
0.878333 
0.878333 
0.88 
0.881667 
0.881667 
0.88 
0.878333 
0.88 
0.878333 
0.88 
0.878333 
0.878333 
0.88 
0.88 
0.878333 
0.88 
0.881667 
0.881667 
0.88 
0.88 
0.881667 
0.883333 
0.885 
0.883333 
0.881667 
0.88 
0.878333 
0.88 
0.878333 
0.878333 
0.88 
0.878333 
0.876667 
0.876667 
0.878333 
0.88 
0.878333 
0.876667 
0.876667 
0.878333 
0.878333 
0.878333 
0.88 
0.878333 
0.88 
0.88 
0.88 
0.881667 
0.883333 
0.885 
0.886667 
0.888333 
0.888333 
0.886667 
0.885 
0.885 
0.886667 
0.886667 
0.886667 
0.886667 
0.886667 
0.888333 
0.886667 
0.886667 
0.885 
0.885 
0.885 
0.885 
0.883333 
0.881667 
0.883333 
0.881667 
0.88 
0.88 
0.881667 
0.88 
0.88 
0.881667 
0.883333 
0.885 
0.883333 
0.883333 
0.881667 
0.881667 
0.88 
0.88 
0.88 
0.881667 
0.883333 
0.883333 
0.885 
0.886667 
0.888333 
0.89 
0.888333 
0.89 
0.891667 
0.893333 
0.895 
0.895 
0.893333 
0.895 
0.896667 
0.895 
0.895 
0.896667 
0.898333 
0.896667 
0.898333 
0.898333 
0.898333 
0.9 
0.901667 
0.903333 
0.901667 
0.9 
0.9 
0.901667 
0.9 
0.9 
0.898333 
0.9 
0.898333 
0.9 
0.898333 
0.9 
0.901667 
0.9 
0.9 
0.9 
0.898333 
0.9 
0.898333 
0.898333 
0.898333 
0.9 
0.901667 
0.9 
0.901667 
0.903333 
0.905 
0.905 
0.903333 
0.905 
0.905 
0.905 
0.906667 
0.908333 
0.906667 
0.906667 
0.908333 
0.91 
0.91 
0.911667 
0.91 
0.908333 
0.908333 
0.91 
0.91 
0.91 
0.91 
0.908333 
0.906667 
0.908333 
0.91 
0.908333 
0.908333 
0.908333 
0.908333 
0.906667 
0.906667 
0.908333 
0.906667 
0.906667 
0.906667 
0.905 
0.906667 
0.905 
0.906667 
0.906667 
0.908333 
0.906667 
0.908333 
0.91 
0.91 
0.91 
0.911667 
0.91 
0.91 
0.91 
0.91 
0.908333 
0.91 
0.908333 
0.906667 
0.906667 
0.908333 
0.906667 
0.906667 
0.906667 
0.908333 
0.908333 
0.908333 
0.91 
0.911667 
0.911667 
0.913333 
0.913333 
0.911667 
0.91 
0.911667 
0.91 
0.91 
0.911667 
0.913333 
0.911667 
0.91 
0.91 
0.91 
0.91 
0.908333 
0.908333 
0.91 
0.91 
0.91 
0.908333 
0.91 
0.908333 
0.908333 
0.908333 
0.908333 
0.906667 
0.908333 
0.906667 
0.906667 
0.905 
0.906667 
0.905 
0.906667 
0.905 
0.906667 
0.906667 
0.906667 
0.906667 
0.906667 
0.908333 
0.91 
0.911667 
0.913333 
0.913333 
0.913333 
0.915 
0.915 
0.916667 
0.915 
0.915 
0.915 
0.913333 
0.915 
0.916667 
0.916667 
0.918333 
0.916667 
0.915 
0.915 
0.916667 
0.916667 
0.916667 
0.918333 
0.916667 
0.916667 
0.916667 
0.918333 
0.916667 
0.915 
0.916667 
0.915 
0.913333 
0.913333 
0.913333 
0.915 
0.913333 
0.915 
0.913333 
0.911667 
0.911667 
0.911667 
0.911667 
0.91 
0.91 
0.911667 
0.913333 
0.911667 
0.911667 
0.913333 
0.911667 
0.91 
0.911667 
0.911667 
0.911667 
0.91 
0.908333 
0.91 
0.911667 
0.911667 
0.91 
0.908333 
0.908333 
0.906667 
0.908333 
0.906667 
0.905 
0.906667 
0.905 
0.905 
0.905 
0.906667 
0.908333 
0.908333 
0.91 
0.911667 
0.913333 
0.915 
0.913333 
0.915 
0.915 
0.915 
0.913333 
0.915 
0.916667 
0.918333 
0.92 
0.918333 
0.916667 
0.915 
0.915 
0.915 
0.916667 
0.915 
0.913333 
0.913333 
0.911667 
0.91 
0.908333 
0.908333 
0.908333 
0.91 
0.911667 
0.91 
0.91 
0.908333 
0.906667 
0.905 
0.903333 
0.903333 
0.901667 
0.903333 
0.901667 
0.903333 
0.901667 
0.903333 
0.903333 
0.905 
0.905 
0.903333 
0.903333 
0.901667 
0.903333 
0.903333 
0.905 
0.905 
0.905 
0.906667 
0.905 
0.905 
0.906667 
0.908333 
0.908333 
0.908333 
0.906667 
0.908333 
0.908333 
0.908333 
0.91 
0.91 
0.908333 
0.906667 
0.906667 
0.905 
0.905 
0.906667 
0.905 
0.905 
0.903333 
0.903333 
0.905 
0.906667 
0.905 
0.906667 
0.905 
0.906667 
0.905 
0.903333 
0.901667 
0.903333 
0.901667 
0.901667 
0.903333 
0.903333 
0.905 
0.905 
0.906667 
0.906667 
0.906667 
0.906667 
0.905 
0.903333 
0.903333 
0.905 
0.903333 
0.901667 
0.903333 
0.905 
0.906667 
0.906667 
0.905 
0.903333 
0.903333 
0.905 
0.903333 
0.905 
0.903333 
0.901667 
0.901667 
0.9 
0.9 
0.898333 
0.9 
0.901667 
0.9 
0.898333 
0.896667 
0.898333 
0.9 
0.898333 
0.898333 
0.898333 
0.898333 
0.898333 
0.898333 
0.898333 
0.9 
0.9 
0.898333 
0.896667 
0.896667 
0.895 
0.895 
0.895 
0.896667 
0.898333 
0.898333 
0.9 
0.9 
0.9 
0.901667 
0.9 
0.898333 
0.898333 
0.898333 
0.896667 
0.896667 
0.898333 
0.898333 
0.896667 
0.898333 
0.896667 
0.898333 
0.9 
0.901667 
0.9 
0.901667 
0.901667 
0.901667 
0.903333 
0.903333 
0.903333 
0.901667 
0.903333 
0.905 
0.903333 
0.901667 
0.9 
0.898333 
0.898333 
0.898333 
0.898333 
0.898333 
0.896667 
0.895 
0.895 
0.895 
0.893333 
0.895 
0.893333 
0.891667 
0.89 
0.89 
0.888333 
0.89 
0.891667 
0.893333 
0.891667 
0.89 
0.888333 
0.89 
0.89 
0.891667 
0.893333 
0.893333 
0.895 
0.893333 
0.893333 
0.895 
0.893333 
0.893333 
0.895 
0.893333 
0.891667 
0.89 
0.891667 
0.893333 
0.895 
0.893333 
0.891667 
0.891667 
0.89 
0.888333 
0.888333 
0.89 
0.888333 
0.886667 
0.888333 
0.888333 
0.886667 
0.886667 
0.886667 
0.886667 
0.885 
0.886667 
0.888333 
0.886667 
0.888333 
0.888333 
0.886667 
0.888333 
0.888333 
0.888333 
0.886667 
0.886667 
0.885 
0.886667 
0.886667 
0.888333 
0.888333 
0.89 
0.89 
0.89 
0.888333 
0.89 
0.891667 
0.89 
0.89 
0.888333 
0.888333 
0.89 
0.891667 
0.891667 
0.891667 
0.89 
0.891667 
0.89 
0.89 
0.888333 
0.888333 
0.89 
0.891667 
0.893333 
0.895 
0.895 
0.893333 
0.893333 
0.891667 
0.893333 
0.891667 
0.891667 
0.893333 
0.893333 
0.893333 
0.893333 
0.893333 
0.895 
0.895 
0.895 
0.896667 
0.898333 
0.898333 
0.9 
0.901667 
0.9 
0.901667 
0.9 
0.9 
0.901667 
0.9 
0.9 
0.9 
0.898333 
0.9 
0.901667 
0.903333 
0.905 
0.906667 
0.906667 
0.908333 
0.906667 
0.908333 
0.906667 
0.906667 
0.906667 
0.908333 
0.906667 
0.906667 
0.908333 
0.908333 
0.906667 
0.906667 
0.906667 
0.905 
0.903333 
0.905 
0.905 
0.905 
0.903333 
0.905 
0.906667 
0.906667 
0.908333 
0.906667 
0.906667 
0.905 
0.906667 
0.905 
0.903333 
0.905 
0.905 
0.905 
0.905 
0.903333 
0.903333 
0.901667 
0.901667 
0.903333 
0.901667 
0.9 
0.901667 
0.9 
0.898333 
0.898333 
0.896667 
0.895 
0.895 
0.896667 
0.895 
0.896667 
0.896667 
0.895 
0.893333 
0.891667 
0.893333 
0.895 
0.895 
0.896667 
0.895 
0.896667 
0.896667 
0.896667 
0.895 
0.895 
0.896667 
0.898333 
0.896667 
0.896667 
0.895 
0.895 
0.895 
0.896667 
0.898333 
0.896667 
0.896667 
0.898333 
0.896667 
0.895 
0.893333 
0.893333 
0.895 
0.895 
0.893333 
0.891667 
0.893333 
0.891667 
0.893333 
0.891667 
0.893333 
0.895 
0.896667 
0.895 
0.895 
0.896667 
0.895 
0.896667 
0.898333 
0.896667 
0.896667 
0.895 
0.893333 
0.893333 
0.891667 
0.891667 
0.89 
0.89 
0.891667 
0.891667 
0.89 
0.891667 
0.89 
0.89 
0.89 
0.89 
0.89 
0.89 
0.89 
0.888333 
0.89 
0.888333 
0.888333 
0.89 
0.891667 
0.891667 
0.891667 
0.89 
0.89 
0.89 
0.89 
0.888333 
0.888333 
0.888333 
0.888333 
0.888333 
0.89 
0.89 
0.888333 
0.89 
0.888333 
0.886667 
0.886667 
0.886667 
0.888333 
0.89 
0.891667 
0.891667 
0.89 
0.891667 
0.89 
0.888333 
0.89 
0.888333 
0.888333 
0.89 
0.888333 
0.888333 
0.89 
0.891667 
0.893333 
0.891667 
0.893333 
0.893333 
0.895 
0.893333 
0.895 
0.896667 
0.898333 
0.896667 
0.895 
0.895 
0.896667 
0.898333 
0.896667 
0.895 
0.896667 
0.898333 
0.896667 
0.896667 
0.896667 
0.898333 
0.9 
0.898333 
0.898333 
0.9 
0.901667 
0.9 
0.901667 
0.903333 
0.903333 
0.901667 
0.903333 
0.905 
0.906667 
0.905 
0.903333 
0.901667 
0.903333 
0.903333 
0.905 
0.905 
0.903333 
0.905 
0.903333 
0.903333 
0.905 
0.905 
0.903333 
0.903333 
0.905 
0.905 
0.906667 
0.908333 
0.906667 
0.908333 
0.91 
0.91 
0.911667 
0.91 
0.911667 
0.91 
0.911667 
0.91 
0.91 
0.908333 
0.908333 
0.906667 
0.906667 
0.908333 
0.91 
0.908333 
0.91 
0.911667 
0.913333 
0.915 
0.913333 
0.911667 
0.913333 
0.915 
0.916667 
0.915 
0.916667 
0.918333 
0.92 
0.92 
0.918333 
0.918333 
0.92 
0.918333 
0.916667 
0.915 
0.915 
0.915 
0.915 
0.915 
0.915 
0.916667 
0.915 
0.915 
0.916667 
0.915 
0.916667 
0.915 
0.915 
0.916667 
0.915 
0.913333 
0.911667 
0.91 
0.908333 
0.906667 
0.906667 
0.905 
0.906667 
0.905 
0.903333 
0.903333 
0.901667 
0.901667 
0.9 
0.9 
0.901667 
0.903333 
0.901667 
0.903333 
0.901667 
0.903333 
0.901667 
0.9 
0.898333 
0.9 
0.898333 
0.898333 
0.9 
0.901667 
0.9 
0.898333 
0.898333 
0.896667 
0.896667 
0.898333 
0.9 
0.901667 
0.901667 
0.901667 
0.9 
0.9 
0.9 
0.901667 
0.9 
0.9 
0.9 
0.9 
0.9 
0.9 
0.898333 
0.898333 
0.898333 
0.898333 
0.9 
0.898333 
0.898333 
0.896667 
0.895 
0.893333 
0.891667 
0.891667 
0.89 
0.891667 
0.893333 
0.891667 
0.89 
0.888333 
0.886667 
0.888333 
0.89 
0.89 
0.888333 
0.89 
0.89 
0.891667 
0.89 
0.888333 
0.888333 
0.89 
0.891667 
0.891667 
0.893333 
0.895 
0.893333 
0.893333 
0.895 
0.893333 
0.893333 
0.893333 
0.893333 
0.893333 
0.891667 
0.893333 
0.891667 
0.891667 
0.89 
0.891667 
0.891667 
0.89 
0.888333 
0.888333 
0.886667 
0.886667 
0.886667 
0.888333 
0.888333 
0.886667 
0.886667 
0.886667 
0.888333 
0.89 
0.888333 
0.888333 
0.89 
0.888333 
0.886667 
0.885 
0.886667 
0.885 
0.883333 
0.881667 
0.88 
0.878333 
0.878333 
0.878333 
0.878333 
0.88 
0.88 
0.88 
0.88 
0.881667 
0.88 
0.881667 
0.88 
0.88 
0.88 
0.878333 
0.876667 
0.878333 
0.876667 
0.876667 
0.876667 
0.878333 
0.88 
0.878333 
0.878333 
0.878333 
0.878333 
0.876667 
0.875 
0.875 
0.873333 
0.873333 
0.873333 
0.871667 
0.873333 
0.871667 
0.87 
0.871667 
0.873333 
0.871667 
0.87 
0.87 
0.868333 
0.87 
0.871667 
0.871667 
0.87 
0.87 
0.871667 
0.871667 
0.873333 
0.873333 
0.873333 
0.873333 
0.875 
0.876667 
0.878333 
0.878333 
0.88 
0.878333 
0.876667 
0.876667 
0.878333 
0.876667 
0.876667 
0.875 
0.876667 
0.875 
0.875 
0.873333 
0.875 
0.875 
0.873333 
0.871667 
0.871667 
0.871667 
0.871667 
0.871667 
0.873333 
0.873333 
0.873333 
0.871667 
0.871667 
0.873333 
0.875 
0.875 
0.876667 
0.878333 
0.88 
0.88 
0.88 
0.88 
0.88 
0.88 
0.878333 
0.878333 
0.878333 
0.878333 
0.878333 
0.876667 
0.876667 
0.876667 
0.875 
0.875 
0.875 
0.876667 
0.878333 
0.876667 
0.876667 
0.878333 
0.88 
0.88 
0.881667 
0.881667 
0.88 
0.878333 
0.88 
0.881667 
0.883333 
0.883333 
0.885 
0.885 
0.886667 
0.886667 
0.888333 
0.886667 
0.888333 
0.888333 
0.89 
0.888333 
0.89 
0.89 
0.891667 
0.89 
0.888333 
0.886667 
0.885 
0.883333 
0.885 
0.883333 
0.883333 
0.883333 
0.883333 
0.885 
0.883333 
0.883333 
0.885 
0.883333 
0.881667 
0.881667 
0.88 
0.88 
0.881667 
0.88 
0.88 
0.878333 
0.876667 
0.875 
0.875 
0.875 
0.873333 
0.871667 
0.873333 
0.875 
0.873333 
0.873333 
0.875 
0.875 
0.875 
0.875 
0.876667 
0.876667 
0.878333 
0.88 
0.881667 
0.881667 
0.883333 
0.885 
0.886667 
0.885 
0.883333 
0.885 
0.886667 
0.885 
0.883333 
0.883333 
0.883333 
0.885 
0.883333 
0.885 
0.886667 
0.885 
0.883333 
0.883333 
0.885 
0.886667 
0.888333 
0.89 
0.888333 
0.89 
0.89 
0.888333 
0.89 
0.888333 
0.89 
0.888333 
0.886667 
0.885 
0.883333 
0.881667 
0.881667 
0.881667 
0.883333 
0.883333 
0.885 
0.885 
0.886667 
0.885 
0.885 
0.885 
0.885 
0.885 
0.885 
0.886667 
0.885 
0.885 
0.883333 
0.885 
0.885 
0.886667 
0.888333 
0.89 
0.89 
0.89 
0.891667 
0.89 
0.89 
0.891667 
0.891667 
0.891667 
0.893333 
0.895 
0.896667 
0.895 
0.896667 
0.895 
0.896667 
0.896667 
0.898333 
0.896667 
0.895 
0.893333 
0.895 
0.896667 
0.896667 
0.898333 
0.898333 
0.896667 
0.896667 
0.898333 
0.896667 
0.896667 
0.898333 
0.896667 
0.896667 
0.896667 
0.896667 
0.898333 
0.898333 
0.898333 
0.898333 
0.9 
0.898333 
0.898333 
0.9 
0.901667 
0.9 
0.901667 
0.9 
0.9 
0.9 
0.898333 
0.896667 
0.895 
0.893333 
0.891667 
0.893333 
0.893333 
0.895 
0.895 
0.896667 
0.896667 
0.898333 
0.898333 
0.9 
0.898333 
0.896667 
0.896667 
0.895 
0.896667 
0.896667 
0.898333 
0.896667 
0.898333 
0.9 
0.898333 
0.898333 
0.898333 
0.9 
0.901667 
0.9 
0.9 
0.898333 
0.898333 
0.9 
0.9 
0.9 
0.898333 
0.9 
0.898333 
0.898333 
0.9 
0.898333 
0.9 
0.898333 
0.9 
0.9 
0.9 
0.9 
0.9 
0.901667 
0.901667 
0.9 
0.9 
0.898333 
0.896667 
0.898333 
0.896667 
0.896667 
0.895 
0.895 
0.896667 
0.898333 
0.9 
0.898333 
0.9 
0.901667 
0.9 
0.9 
0.9 
0.9 
0.9 
0.9 
0.898333 
0.896667 
0.896667 
0.898333 
0.898333 
0.898333 
0.9 
0.9 
0.898333 
0.9 
0.9 
0.9 
0.901667 
0.9 
0.9 
0.898333 
0.9 
0.898333 
0.896667 
0.895 
0.893333 
0.893333 
0.891667 
0.89 
0.888333 
0.888333 
0.89 
0.891667 
0.893333 
0.895 
0.893333 
0.893333 
0.893333 
0.893333 
0.895 
0.896667 
0.898333 
0.898333 
0.9 
0.9 
0.901667 
0.903333 
0.903333 
0.903333 
0.901667 
0.901667 
0.9 
0.9 
0.901667 
0.903333 
0.905 
0.903333 
0.901667 
0.901667 
0.9 
0.9 
0.898333 
0.898333 
0.896667 
0.896667 
0.898333 
0.9 
0.898333 
0.898333 
0.9 
0.901667 
0.9 
0.9 
0.898333 
0.896667 
0.898333 
0.9 
0.901667 
0.903333 
0.905 
0.903333 
0.903333 
0.903333 
0.901667 
0.9 
0.9 
0.9 
0.901667 
0.901667 
0.903333 
0.901667 
0.9 
0.901667 
0.901667 
0.901667 
0.903333 
0.901667 
0.9 
0.9 
0.901667 
0.9 
0.9 
0.9 
0.901667 
0.901667 
0.9 
0.898333 
0.898333 
0.896667 
0.898333 
0.896667 
0.896667 
0.896667 
0.898333 
0.9 
0.901667 
0.9 
0.898333 
0.9 
0.898333 
0.9 
0.9 
0.901667 
0.903333 
0.905 
0.903333 
0.903333 
0.903333 
0.901667 
0.9 
0.898333 
0.9 
0.898333 
0.9 
0.9 
0.901667 
0.9 
0.9 
0.898333 
0.896667 
0.898333 
0.9 
0.9 
0.901667 
0.9 
0.898333 
0.896667 
0.896667 
0.896667 
0.895 
0.896667 
0.895 
0.896667 
0.895 
0.895 
0.896667 
0.896667 
0.896667 
0.898333 
0.896667 
0.896667 
0.895 
0.893333 
0.891667 
0.893333 
0.893333 
0.895 
0.893333 
0.895 
0.896667 
0.895 
0.895 
0.895 
0.895 
0.893333 
0.895 
0.893333 
0.895 
0.895 
0.896667 
0.896667 
0.895 
0.893333 
0.891667 
0.893333 
0.891667 
0.89 
0.891667 
0.891667 
0.893333 
0.893333 
0.895 
0.895 
0.895 
0.896667 
0.895 
0.895 
0.896667 
0.895 
0.893333 
0.891667 
0.893333 
0.895 
0.895 
0.895 
0.896667 
0.895 
0.896667 
0.898333 
0.896667 
0.898333 
0.9 
0.9 
0.9 
0.901667 
0.901667 
0.901667 
0.903333 
0.905 
0.905 
0.905 
0.903333 
0.903333 
0.901667 
0.903333 
0.901667 
0.901667 
0.901667 
0.903333 
0.903333 
0.901667 
0.9 
0.901667 
0.9 
0.9 
0.901667 
0.903333 
0.903333 
0.901667 
0.901667 
0.9 
0.9 
0.901667 
0.903333 
0.905 
0.905 
0.905 
0.905 
0.903333 
0.903333 
0.903333 
0.903333 
0.903333 
0.905 
0.903333 
0.901667 
0.9 
0.901667 
0.9 
0.898333 
0.898333 
0.898333 
0.896667 
0.896667 
0.895 
0.896667 
0.898333 
0.898333 
0.9 
0.901667 
0.903333 
0.901667 
0.9 
0.9 
0.901667 
0.9 
0.901667 
0.901667 
0.901667 
0.9 
0.901667 
0.903333 
0.905 
0.905 
0.905 
0.906667 
0.906667 
0.906667 
0.905 
0.906667 
0.908333 
0.91 
0.911667 
0.911667 
0.913333 
0.915 
0.913333 
0.913333 
0.913333 
0.913333 
0.911667 
0.911667 
0.911667 
0.91 
0.911667 
0.911667 
0.911667 
0.91 
0.91 
0.908333 
0.906667 
0.906667 
0.908333 
0.908333 
0.91 
0.911667 
0.91 
0.911667 
0.91 
0.91 
0.911667 
0.911667 
0.91 
0.908333 
0.906667 
0.908333 
0.906667 
0.905 
0.905 
0.906667 
0.906667 
0.905 
0.903333 
0.905 
0.903333 
0.901667 
0.9 
0.9 
0.901667 
0.901667 
0.9 
0.9 
0.901667 
0.903333 
0.905 
0.905 
0.903333 
0.905 
0.903333 
0.901667 
0.901667 
0.903333 
0.901667 
0.901667 
0.901667 
0.903333 
0.903333 
0.901667 
0.901667 
0.903333 
0.905 
0.906667 
0.905 
0.903333 
0.903333 
0.905 
0.906667 
0.905 
0.905 
0.906667 
0.906667 
0.906667 
0.908333 
0.906667 
0.906667 
0.905 
0.903333 
0.903333 
0.905 
0.903333 
0.901667 
0.901667 
0.9 
0.901667 
0.9 
0.9 
0.898333 
0.9 
0.898333 
0.896667 
0.895 
0.896667 
0.896667 
0.895 
0.893333 
0.895 
0.893333 
0.893333 
0.893333 
0.893333 
0.895 
0.896667 
0.896667 
0.896667 
0.896667 
0.898333 
0.896667 
0.896667 
0.895 
0.895 
0.896667 
0.895 
0.893333 
0.895 
0.896667 
0.896667 
0.898333 
0.898333 
0.9 
0.901667 
0.9 
0.9 
0.901667 
0.901667 
0.9 
0.901667 
0.9 
0.898333 
0.9 
0.9 
0.901667 
0.903333 
0.905 
0.906667 
0.908333 
0.91 
0.91 
0.908333 
0.906667 
0.908333 
0.91 
0.908333 
0.91 
0.908333 
0.91 
0.911667 
0.91 
0.91 
0.91 
0.908333 
0.91 
0.908333 
0.91 
0.91 
0.911667 
0.911667 
0.913333 
0.913333 
0.911667 
0.91 
0.911667 
0.913333 
0.911667 
0.913333 
0.911667 
0.91 
0.91 
0.91 
0.911667 
0.91 
0.911667 
0.91 
0.911667 
0.91 
0.908333 
0.906667 
0.905 
0.905 
0.905 
0.903333 
0.903333 
0.901667 
0.901667 
0.903333 
0.901667 
0.9 
0.901667 
0.901667 
0.903333 
0.905 
0.906667 
0.906667 
0.908333 
0.906667 
0.906667 
0.908333 
0.908333 
0.908333 
0.91 
0.908333 
0.908333 
0.906667 
0.906667 
0.906667 
0.908333 
0.906667 
0.906667 
0.906667 
0.906667 
0.906667 
0.905 
0.906667 
0.905 
0.905 
0.906667 
0.908333 
0.908333 
0.908333 
0.906667 
0.906667 
0.905 
0.905 
0.906667 
0.905 
0.903333 
0.903333 
0.905 
0.903333 
0.903333 
0.905 
0.905 
0.906667 
0.908333 
0.908333 
0.908333 
0.908333 
0.908333 
0.91 
0.91 
0.91 
0.908333 
0.906667 
0.908333 
0.906667 
0.905 
0.906667 
0.906667 
0.908333 
0.906667 
0.906667 
0.906667 
0.908333 
0.906667 
0.908333 
0.908333 
0.91 
0.911667 
0.911667 
0.91 
0.911667 
0.91 
0.908333 
0.91 
0.91 
0.911667 
0.913333 
0.915 
0.916667 
0.915 
0.915 
0.916667 
0.918333 
0.918333 
0.916667 
0.915 
0.913333 
0.913333 
0.911667 
0.91 
0.91 
0.91 
0.91 
0.911667 
0.913333 
0.911667 
0.913333 
0.911667 
0.913333 
0.915 
0.915 
0.913333 
0.913333 
0.915 
0.913333 
0.913333 
0.911667 
0.91 
0.908333 
0.91 
0.911667 
0.91 
0.908333 
0.908333 
0.91 
0.911667 
0.91 
0.908333 
0.906667 
0.905 
0.906667 
0.906667 
0.908333 
0.91 
0.91 
0.908333 
0.908333 
0.91 
0.911667 
0.91 
0.91 
0.911667 
0.911667 
0.911667 
0.91 
0.91 
0.911667 
0.913333 
0.913333 
0.913333 
0.911667 
0.911667 
0.911667 
0.913333 
0.911667 
0.91 
0.908333 
0.908333 
0.906667 
0.905 
0.903333 
0.901667 
0.901667 
0.903333 
0.901667 
0.903333 
0.901667 
0.903333 
0.903333 
0.901667 
0.9 
0.9 
0.901667 
0.903333 
0.905 
0.905 
0.903333 
0.905 
0.905 
0.903333 
0.905 
0.905 
0.905 
0.905 
0.903333 
0.901667 
0.901667 
0.901667 
0.903333 
0.903333 
0.903333 
0.901667 
0.9 
0.9 
0.898333 
0.898333 
0.898333 
0.896667 
0.896667 
0.896667 
0.896667 
0.895 
0.896667 
0.895 
0.893333 
0.891667 
0.893333 
0.895 
0.896667 
0.898333 
0.9 
0.898333 
0.898333 
0.898333 
0.898333 
0.896667 
0.896667 
0.898333 
0.896667 
0.895 
0.896667 
0.895 
0.895 
0.895 
0.896667 
0.896667 
0.898333 
0.898333 
0.9 
0.901667 
0.903333 
0.903333 
0.901667 
0.903333 
0.905 
0.903333 
0.901667 
0.903333 
0.901667 
0.9 
0.898333 
0.896667 
0.896667 
0.896667 
0.898333 
0.896667 
0.895 
0.895 
0.893333 
0.893333 
0.891667 
0.891667 
0.893333 
0.895 
0.893333 
0.891667 
0.893333 
0.895 
0.896667 
0.895 
0.893333 
0.895 
0.893333 
0.891667 
0.891667 
0.891667 
0.89 
0.888333 
0.886667 
0.885 
0.885 
0.883333 
0.881667 
0.883333 
0.885 
0.885 
0.885 
0.885 
0.886667 
0.886667 
0.888333 
0.89 
0.891667 
0.89 
0.888333 
0.888333 
0.888333 
0.886667 
0.885 
0.883333 
0.883333 
0.881667 
0.881667 
0.88 
0.878333 
0.88 
0.878333 
0.88 
0.88 
0.878333 
0.878333 
0.878333 
0.876667 
0.876667 
0.875 
0.876667 
0.878333 
0.876667 
0.876667 
0.875 
0.873333 
0.871667 
0.873333 
0.871667 
0.871667 
0.87 
0.871667 
0.87 
0.871667 
0.87 
0.871667 
0.87 
0.87 
0.87 
0.87 
0.868333 
0.868333 
0.866667 
0.866667 
0.868333 
0.87 
0.871667 
0.87 
0.871667 
0.87 
0.868333 
0.87 
0.868333 
0.868333 
0.866667 
0.866667 
0.866667 
0.865 
0.863333 
0.861667 
0.863333 
0.861667 
0.86 
0.858333 
0.86 
0.858333 
0.86 
0.858333 
0.86 
0.86 
0.861667 
0.861667 
0.86 
0.86 
0.858333 
0.856667 
0.856667 
0.856667 
0.856667 
0.858333 
0.856667 
0.856667 
0.855 
0.855 
0.856667 
0.858333 
0.86 
0.86 
0.858333 
0.856667 
0.858333 
0.856667 
0.856667 
0.858333 
0.856667 
0.856667 
0.855 
0.855 
0.856667 
0.855 
0.856667 
0.856667 
0.856667 
0.858333 
0.856667 
0.855 
0.853333 
0.855 
0.856667 
0.855 
0.856667 
0.856667 
0.856667 
0.856667 
0.855 
0.853333 
0.853333 
0.855 
0.855 
0.853333 
0.855 
0.853333 
0.855 
0.856667 
0.855 
0.855 
0.853333 
0.855 
0.853333 
0.853333 
0.851667 
0.851667 
0.853333 
0.851667 
0.851667 
0.851667 
0.851667 
0.85 
0.848333 
0.848333 
0.848333 
0.85 
0.851667 
0.853333 
0.853333 
0.851667 
0.851667 
0.851667 
0.851667 
0.853333 
0.853333 
0.855 
0.853333 
0.851667 
0.851667 
0.851667 
0.851667 
0.851667 
0.851667 
0.853333 
0.855 
0.856667 
0.855 
0.856667 
0.858333 
0.86 
0.861667 
0.861667 
0.861667 
0.86 
0.858333 
0.86 
0.861667 
0.86 
0.858333 
0.858333 
0.856667 
0.855 
0.853333 
0.853333 
0.851667 
0.851667 
0.85 
0.851667 
0.851667 
0.853333 
0.851667 
0.851667 
0.853333 
0.851667 
0.851667 
0.85 
0.85 
0.85 
0.848333 
0.848333 
0.846667 
0.846667 
0.848333 
0.85 
0.848333 
0.846667 
0.845 
0.845 
0.846667 
0.846667 
0.846667 
0.848333 
0.85 
0.848333 
0.85 
0.848333 
0.848333 
0.846667 
0.845 
0.845 
0.846667 
0.848333 
0.85 
0.851667 
0.851667 
0.853333 
0.851667 
0.85 
0.85 
0.85 
0.851667 
0.853333 
0.853333 
0.851667 
0.85 
0.848333 
0.848333 
0.848333 
0.846667 
0.846667 
0.848333 
0.85 
0.848333 
0.846667 
0.848333 
0.85 
0.851667 
0.853333 
0.855 
0.855 
0.856667 
0.855 
0.853333 
0.851667 
0.85 
0.848333 
0.848333 
0.85 
0.85 
0.851667 
0.85 
0.85 
0.848333 
0.848333 
0.848333 
0.846667 
0.846667 
0.846667 
0.848333 
0.85 
0.851667 
0.851667 
0.851667 
0.851667 
0.85 
0.848333 
0.85 
0.848333 
0.85 
0.851667 
0.85 
0.85 
0.85 
0.85 
0.851667 
0.851667 
0.853333 
0.851667 
0.85 
0.851667 
0.851667 
0.853333 
0.853333 
0.853333 
0.853333 
0.853333 
0.855 
0.855 
0.853333 
0.851667 
0.85 
0.85 
0.85 
0.851667 
0.85 
0.85 
0.85 
0.851667 
0.851667 
0.851667 
0.85 
0.851667 
0.853333 
0.851667 
0.853333 
0.851667 
0.853333 
0.851667 
0.851667 
0.851667 
0.853333 
0.855 
0.855 
0.856667 
0.855 
0.853333 
0.855 
0.853333 
0.853333 
0.853333 
0.855 
0.853333 
0.855 
0.856667 
0.856667 
0.855 
0.853333 
0.851667 
0.853333 
0.855 
0.856667 
0.855 
0.853333 
0.853333 
0.853333 
0.853333 
0.855 
0.853333 
0.853333 
0.855 
0.853333 
0.851667 
0.85 
0.848333 
0.848333 
0.846667 
0.845 
0.845 
0.843333 
0.843333 
0.841667 
0.843333 
0.843333 
0.843333 
0.841667 
0.843333 
0.845 
0.845 
0.845 
0.846667 
0.848333 
0.85 
0.85 
0.85 
0.851667 
0.851667 
0.85 
0.848333 
0.848333 
0.848333 
0.85 
0.848333 
0.848333 
0.846667 
0.846667 
0.846667 
0.846667 
0.848333 
0.85 
0.851667 
0.85 
0.851667 
0.85 
0.85 
0.85 
0.851667 
0.85 
0.85 
0.851667 
0.851667 
0.85 
0.848333 
0.85 
0.848333 
0.85 
0.848333 
0.848333 
0.85 
0.85 
0.85 
0.85 
0.851667 
0.853333 
0.853333 
0.851667 
0.853333 
0.853333 
0.851667 
0.853333 
0.855 
0.853333 
0.851667 
0.85 
0.851667 
0.85 
0.85 
0.848333 
0.85 
0.851667 
0.85 
0.848333 
0.846667 
0.845 
0.845 
0.845 
0.845 
0.846667 
0.845 
0.846667 
0.845 
0.846667 
0.845 
0.846667 
0.846667 
0.846667 
0.848333 
0.848333 
0.85 
0.851667 
0.851667 
0.85 
0.85 
0.85 
0.848333 
0.848333 
0.848333 
0.848333 
0.848333 
0.848333 
0.848333 
0.848333 
0.848333 
0.85 
0.851667 
0.853333 
0.851667 
0.853333 
0.851667 
0.851667 
0.851667 
0.85 
0.851667 
0.853333 
0.851667 
0.853333 
0.855 
0.855 
0.853333 
0.851667 
0.851667 
0.853333 
0.855 
0.853333 
0.853333 
0.851667 
0.853333 
0.853333 
0.853333 
0.855 
0.856667 
0.855 
0.855 
0.856667 
0.855 
0.853333 
0.851667 
0.85 
0.851667 
0.853333 
0.853333 
0.853333 
0.853333 
0.855 
0.856667 
0.856667 
0.855 
0.853333 
0.855 
0.853333 
0.851667 
0.85 
0.848333 
0.846667 
0.848333 
0.846667 
0.848333 
0.85 
0.848333 
0.846667 
0.846667 
0.848333 
0.848333 
0.85 
0.85 
0.85 
0.85 
0.851667 
0.85 
0.851667 
0.851667 
0.853333 
0.851667 
0.85 
0.851667 
0.853333 
0.853333 
0.855 
0.855 
0.855 
0.856667 
0.855 
0.855 
0.853333 
0.853333 
0.851667 
0.851667 
0.85 
0.85 
0.85 
0.851667 
0.851667 
0.853333 
0.853333 
0.851667 
0.851667 
0.853333 
0.851667 
0.851667 
0.851667 
0.851667 
0.853333 
0.851667 
0.851667 
0.85 
0.851667 
0.85 
0.851667 
0.853333 
0.851667 
0.85 
0.85 
0.848333 
0.846667 
0.845 
0.845 
0.843333 
0.841667 
0.843333 
0.845 
0.845 
0.843333 
0.845 
0.845 
0.845 
0.845 
0.843333 
0.845 
0.845 
0.846667 
0.848333 
0.848333 
0.85 
0.848333 
0.848333 
0.848333 
0.846667 
0.845 
0.845 
0.846667 
0.848333 
0.848333 
0.846667 
0.846667 
0.846667 
0.848333 
0.85 
0.848333 
0.85 
0.85 
0.851667 
0.85 
0.85 
0.85 
0.851667 
0.853333 
0.855 
0.856667 
0.855 
0.856667 
0.858333 
0.858333 
0.86 
0.858333 
0.856667 
0.858333 
0.86 
0.858333 
0.858333 
0.856667 
0.855 
0.855 
0.856667 
0.855 
0.856667 
0.855 
0.855 
0.856667 
0.858333 
0.856667 
0.858333 
0.858333 
0.86 
0.858333 
0.856667 
0.855 
0.856667 
0.855 
0.855 
0.856667 
0.855 
0.856667 
0.855 
0.856667 
0.856667 
0.856667 
0.856667 
0.855 
0.856667 
0.856667 
0.856667 
0.858333 
0.858333 
0.856667 
0.856667 
0.858333 
0.86 
0.86 
0.861667 
0.86 
0.86 
0.861667 
0.86 
0.86 
0.861667 
0.861667 
0.86 
0.858333 
0.856667 
0.855 
0.853333 
0.853333 
0.855 
0.855 
0.856667 
0.858333 
0.856667 
0.858333 
0.858333 
0.86 
0.86 
0.86 
0.858333 
0.86 
0.858333 
0.858333 
0.858333 
0.856667 
0.855 
0.856667 
0.856667 
0.858333 
0.86 
0.858333 
0.858333 
0.856667 
0.856667 
0.856667 
0.856667 
0.858333 
0.86 
0.858333 
0.856667 
0.856667 
0.858333 
0.86 
0.861667 
0.861667 
0.861667 
0.863333 
0.861667 
0.861667 
0.86 
0.858333 
0.858333 
0.858333 
0.856667 
0.856667 
0.855 
0.855 
0.855 
0.855 
0.853333 
0.853333 
0.855 
0.856667 
0.858333 
0.856667 
0.858333 
0.856667 
0.856667 
0.856667 
0.856667 
0.855 
0.853333 
0.853333 
0.855 
0.855 
0.856667 
0.856667 
0.856667 
0.856667 
0.855 
0.853333 
0.851667 
0.853333 
0.853333 
0.851667 
0.851667 
0.853333 
0.855 
0.853333 
0.853333 
0.851667 
0.853333 
0.853333 
0.851667 
0.851667 
0.851667 
0.85 
0.851667 
0.853333 
0.851667 
0.851667 
0.853333 
0.853333 
0.855 
0.853333 
0.855 
0.856667 
0.856667 
0.858333 
0.858333 
0.858333 
0.858333 
0.858333 
0.858333 
0.858333 
0.856667 
0.856667 
0.858333 
0.86 
0.86 
0.86 
0.858333 
0.858333 
0.86 
0.858333 
0.858333 
0.86 
0.858333 
0.856667 
0.856667 
0.856667 
0.856667 
0.855 
0.855 
0.856667 
0.855 
0.855 
0.855 
0.856667 
0.858333 
0.858333 
0.86 
0.861667 
0.863333 
0.865 
0.866667 
0.865 
0.866667 
0.868333 
0.866667 
0.866667 
0.868333 
0.87 
0.868333 
0.868333 
0.868333 
0.868333 
0.868333 
0.868333 
0.87 
0.871667 
0.87 
0.87 
0.871667 
0.87 
0.871667 
0.873333 
0.871667 
0.873333 
0.875 
0.875 
0.873333 
0.871667 
0.87 
0.868333 
0.866667 
0.865 
0.863333 
0.863333 
0.865 
0.865 
0.865 
0.865 
0.866667 
0.866667 
0.866667 
0.868333 
0.87 
0.871667 
0.871667 
0.87 
0.868333 
0.868333 
0.87 
0.87 
0.871667 
0.871667 
0.873333 
0.873333 
0.871667 
0.87 
0.871667 
0.871667 
0.871667 
0.871667 
0.871667 
0.871667 
0.873333 
0.871667 
0.871667 
0.873333 
0.875 
0.875 
0.876667 
0.878333 
0.88 
0.881667 
0.88 
0.881667 
0.883333 
0.883333 
0.881667 
0.881667 
0.883333 
0.881667 
0.881667 
0.881667 
0.88 
0.88 
0.878333 
0.878333 
0.878333 
0.876667 
0.875 
0.876667 
0.878333 
0.88 
0.88 
0.881667 
0.881667 
0.881667 
0.883333 
0.881667 
0.883333 
0.881667 
0.88 
0.881667 
0.88 
0.88 
0.881667 
0.88 
0.88 
0.88 
0.88 
0.88 
0.881667 
0.883333 
0.883333 
0.885 
0.885 
0.885 
0.885 
0.885 
0.885 
0.886667 
0.885 
0.885 
0.883333 
0.883333 
0.885 
0.886667 
0.888333 
0.89 
0.89 
0.89 
0.89 
0.89 
0.888333 
0.886667 
0.886667 
0.885 
0.886667 
0.888333 
0.888333 
0.89 
0.888333 
0.888333 
0.886667 
0.886667 
0.885 
0.886667 
0.888333 
0.888333 
0.89 
0.891667 
0.893333 
0.891667 
0.893333 
0.891667 
0.893333 
0.891667 
0.893333 
0.891667 
0.893333 
0.895 
0.896667 
0.898333 
0.898333 
0.898333 
0.898333 
0.898333 
0.898333 
0.9 
0.898333 
0.9 
0.901667 
0.901667 
0.901667 
0.901667 
0.903333 
0.903333 
0.905 
0.905 
0.906667 
0.905 
0.903333 
0.905 
0.905 
0.906667 
0.906667 
0.905 
0.906667 
0.905 
0.906667 
0.905 
0.903333 
0.905 
0.906667 
0.908333 
0.906667 
0.906667 
0.908333 
0.906667 
0.906667 
0.908333 
0.906667 
0.908333 
0.91 
0.908333 
0.908333 
0.906667 
0.906667 
0.905 
0.906667 
0.906667 
0.906667 
0.908333 
0.906667 
0.908333 
0.906667 
0.908333 
0.908333 
0.91 
0.908333 
0.906667 
0.908333 
0.906667 
0.905 
0.906667 
0.906667 
0.908333 
0.908333 
0.906667 
0.905 
0.903333 
0.901667 
0.9 
0.9 
0.898333 
0.9 
0.898333 
0.896667 
0.895 
0.895 
0.895 
0.896667 
0.898333 
0.9 
0.901667 
0.901667 
0.9 
0.898333 
0.896667 
0.896667 
0.898333 
0.898333 
0.898333 
0.898333 
0.896667 
0.896667 
0.898333 
0.9 
0.9 
0.898333 
0.898333 
0.9 
0.901667 
0.901667 
0.903333 
0.905 
0.903333 
0.903333 
0.905 
0.905 
0.906667 
0.905 
0.903333 
0.901667 
0.901667 
0.903333 
0.901667 
0.901667 
0.901667 
0.903333 
0.905 
0.906667 
0.908333 
0.91 
0.911667 
0.91 
0.908333 
0.908333 
0.91 
0.91 
0.91 
0.911667 
0.91 
0.908333 
0.91 
0.908333 
0.908333 
0.908333 
0.908333 
0.91 
0.908333 
0.91 
0.911667 
0.913333 
0.911667 
0.911667 
0.911667 
0.91 
0.911667 
0.91 
0.911667 
0.913333 
0.911667 
0.911667 
0.91 
0.91 
0.911667 
0.913333 
0.915 
0.916667 
0.916667 
0.915 
0.916667 
0.915 
0.915 
0.915 
0.916667 
0.918333 
0.916667 
0.915 
0.915 
0.913333 
0.911667 
0.911667 
0.91 
0.911667 
0.913333 
0.915 
0.916667 
0.918333 
0.918333 
0.918333 
0.918333 
0.918333 
0.92 
0.918333 
0.918333 
0.916667 
0.915 
0.913333 
0.915 
0.916667 
0.916667 
0.915 
0.915 
0.915 
0.913333 
0.911667 
0.913333 
0.915 
0.913333 
0.915 
0.915 
0.915 
0.915 
0.913333 
0.913333 
0.911667 
0.91 
0.911667 
0.911667 
0.913333 
0.915 
0.913333 
0.911667 
0.91 
0.911667 
0.913333 
0.911667 
0.913333 
0.911667 
0.911667 
0.911667 
0.91 
0.911667 
0.913333 
0.915 
0.913333 
0.911667 
0.911667 
0.91 
0.908333 
0.906667 
0.906667 
0.908333 
0.908333 
0.906667 
0.908333 
0.908333 
0.908333 
0.908333 
0.908333 
0.906667 
0.906667 
0.905 
0.905 
0.906667 
0.906667 
0.906667 
0.908333 
0.906667 
0.906667 
0.908333 
0.91 
0.908333 
0.91 
0.908333 
0.908333 
0.908333 
0.908333 
0.91 
0.911667 
0.91 
0.908333 
0.906667 
0.908333 
0.91 
0.908333 
0.908333 
0.91 
0.91 
0.911667 
0.91 
0.91 
0.908333 
0.91 
0.91 
0.911667 
0.913333 
0.913333 
0.915 
0.913333 
0.915 
0.913333 
0.915 
0.915 
0.913333 
0.911667 
0.911667 
0.911667 
0.911667 
0.911667 
0.91 
0.91 
0.908333 
0.908333 
0.906667 
0.908333 
0.906667 
0.906667 
0.908333 
0.91 
0.908333 
0.91 
0.908333 
0.91 
0.908333 
0.91 
0.908333 
0.906667 
0.908333 
0.906667 
0.905 
0.903333 
0.905 
0.905 
0.906667 
0.908333 
0.91 
0.908333 
0.908333 
0.908333 
0.908333 
0.908333 
0.91 
0.911667 
0.91 
0.911667 
0.91 
0.911667 
0.91 
0.91 
0.908333 
0.906667 
0.905 
0.903333 
0.901667 
0.9 
0.9 
0.9 
0.898333 
0.9 
0.9 
0.898333 
0.9 
0.898333 
0.9 
0.898333 
0.896667 
0.896667 
0.898333 
0.896667 
0.895 
0.895 
0.896667 
0.898333 
0.9 
0.898333 
0.898333 
0.896667 
0.896667 
0.898333 
0.896667 
0.895 
0.895 
0.896667 
0.895 
0.896667 
0.895 
0.895 
0.895 
0.895 
0.895 
0.896667 
0.898333 
0.898333 
0.9 
0.901667 
0.9 
0.901667 
0.9 
0.9 
0.9 
0.9 
0.898333 
0.898333 
0.898333 
0.898333 
0.898333 
0.9 
0.9 
0.901667 
0.901667 
0.903333 
0.903333 
0.903333 
0.903333 
0.905 
0.903333 
0.903333 
0.903333 
0.903333 
0.905 
0.906667 
0.906667 
0.905 
0.906667 
0.906667 
0.908333 
0.906667 
0.908333 
0.91 
0.91 
0.908333 
0.908333 
0.906667 
0.905 
0.905 
0.906667 
0.908333 
0.91 
0.908333 
0.908333 
0.906667 
0.905 
0.906667 
0.905 
0.903333 
0.901667 
0.903333 
0.905 
0.905 
0.906667 
0.908333 
0.906667 
0.906667 
0.908333 
