0.001875 0 0.000625 
0.00125 0 0.000625 
0.0025 0 0.000625 
0.004375 0 0.000625 
0.00375 0 0.00125 
0.005625 0 0.001875 
0.005 0 0.00125 
0.0075 0 0.001875 
0.00875 0 0.004375 
0.009375 0 0.009375 
0.010625 0 0.005625 
0.014375 0 0.009375 
0.0175 0 0.011875 
0.0175 0 0.021875 
0.02 0 0.021875 
0.0275 0 0.02625 
0.033125 0 0.033125 
0.034375 0 0.031875 
0.043125 0 0.038125 
0.055 0 0.044375 
0.06125 0 0.04875 
0.07 0 0.05625 
0.081875 0 0.065 
0.084375 0 0.065625 
0.091875 0 0.079375 
0.099375 0 0.08875 
0.10875 0 0.105 
0.128125 0 0.10875 
